ENVI ASCII Plot File [Mon Mar 29 22:50:32 2021]
Column 1: Wavelength
Column 2: AVHRR7 Band 1~~1
Column 3: AVHRR7 Band 2~~2
   0.430000  0.000000  0.000000
   0.435000  0.000000  0.000000
   0.440000  0.000000  0.000000
   0.445000  0.000000  0.000000
   0.450000  0.000000  0.000000
   0.455000  0.000000  0.000000
   0.460000  0.000000  0.000000
   0.465000  0.000000  0.000000
   0.470000  0.000000  0.000000
   0.475000  0.000000  0.000000
   0.480000  0.000000  0.000000
   0.485000  0.000000  0.000000
   0.490000  0.000000  0.000000
   0.495000  0.000000  0.000000
   0.500000  0.000000  0.000000
   0.505000  0.002500  0.000000
   0.510000  0.005000  0.000000
   0.515000  0.005000  0.000000
   0.520000  0.005000  0.000000
   0.525000  0.005000  0.000000
   0.530000  0.005000  0.000000
   0.535000  0.005000  0.000000
   0.540000  0.005000  0.000000
   0.545000  0.005000  0.000000
   0.550000  0.005000  0.000000
   0.555000  0.066000  0.000000
   0.560000  0.127000  0.000000
   0.565000  0.277000  0.000000
   0.570000  0.427000  0.000000
   0.575000  0.557000  0.000000
   0.580000  0.687000  0.000000
   0.585000  0.734501  0.000000
   0.590000  0.782000  0.000000
   0.595000  0.781000  0.000000
   0.600000  0.780000  0.000000
   0.605000  0.796000  0.000000
   0.610000  0.812000  0.000000
   0.615000  0.833500  0.000000
   0.620000  0.855000  0.000000
   0.625000  0.927500  0.000000
   0.630000  1.000000  0.000000
   0.635000  0.975000  0.000000
   0.640000  0.950000  0.000000
   0.645000  0.952500  0.002500
   0.650000  0.955000  0.005000
   0.655000  0.957500  0.005000
   0.660000  0.960000  0.005000
   0.665000  0.967500  0.005000
   0.670000  0.975000  0.005000
   0.675000  0.882500  0.005000
   0.680000  0.790000  0.005000
   0.685000  0.570000  0.007500
   0.690000  0.350000  0.010000
   0.695000  0.240000  0.040000
   0.700000  0.130000  0.070000
   0.705000  0.100000  0.205002
   0.710000  0.070000  0.340001
   0.715000  0.055000  0.460001
   0.720000  0.040000  0.580000
   0.725000  0.030000  0.705000
   0.730000  0.020000  0.830000
   0.735000  0.017500  0.897500
   0.740000  0.015000  0.965000
   0.745000  0.012500  0.980000
   0.750000  0.010000  0.995000
   0.755000  0.010000  0.997500
   0.760000  0.010000  1.000000
   0.765000  0.010000  0.995000
   0.770000  0.010000  0.990000
   0.775000  0.010000  0.990000
   0.780000  0.010000  0.990000
   0.785000  0.010000  0.962500
   0.790000  0.010000  0.935000
   0.795000  0.005000  0.937500
   0.800000  0.000000  0.940000
   0.805000  0.000000  0.925000
   0.810000  0.000000  0.910000
   0.815000  0.000000  0.890000
   0.820000  0.000000  0.870000
   0.825000  0.000000  0.870000
   0.830000  0.000000  0.870000
   0.835000  0.000000  0.870000
   0.840000  0.000000  0.870000
   0.845000  0.000000  0.870000
   0.850000  0.000000  0.870000
   0.855000  0.000000  0.870000
   0.860000  0.000000  0.870000
   0.865000  0.000000  0.870000
   0.870000  0.000000  0.870000
   0.875000  0.000000  0.870000
   0.880000  0.000000  0.870000
   0.885000  0.000000  0.865000
   0.890000  0.000000  0.860000
   0.895000  0.000000  0.852500
   0.900000  0.000000  0.845000
   0.905000  0.000000  0.840000
   0.910000  0.000000  0.835000
   0.915000  0.000000  0.827500
   0.920000  0.000000  0.820000
   0.925000  0.000000  0.805000
   0.930000  0.000000  0.790000
   0.935000  0.000000  0.785000
   0.940000  0.000000  0.780000
   0.945000  0.000000  0.775000
   0.950000  0.000000  0.770000
   0.955000  0.000000  0.765000
   0.960000  0.000000  0.760000
   0.965000  0.000000  0.750000
   0.970000  0.000000  0.740000
   0.975000  0.000000  0.690000
   0.980000  0.000000  0.640000
   0.985000  0.000000  0.545000
   0.990000  0.000000  0.450000
   0.995000  0.000000  0.355000
   1.000000  0.000000  0.260000
   1.005000  0.000000  0.242000
   1.010000  0.000000  0.224000
   1.015000  0.000000  0.206000
   1.020000  0.000000  0.188000
   1.025000  0.000000  0.170000
   1.030000  0.000000  0.152000
   1.035000  0.000000  0.134000
   1.040000  0.000000  0.116000
   1.045000  0.000000  0.098000
   1.050000  0.000000  0.080000
   1.055000  0.000000  0.072500
   1.060000  0.000000  0.065000
   1.065000  0.000000  0.057500
   1.070000  0.000000  0.050000
   1.075000  0.000000  0.042500
   1.080000  0.000000  0.035000
   1.085000  0.000000  0.027500
   1.090000  0.000000  0.020000
   1.095000  0.000000  0.012500
   1.100000  0.000000  0.005000
   1.105000  0.000000  0.005000
   1.110000  0.000000  0.005000
   1.115000  0.000000  0.005000
   1.120000  0.000000  0.005000
   1.125000  0.000000  0.005000
   1.130000  0.000000  0.005000
   1.135000  0.000000  0.005000
   1.140000  0.000000  0.005000
   1.145000  0.000000  0.005000
   1.150000  0.000000  0.005000
   1.155000  0.000000  0.005000
   1.160000  0.000000  0.005000
   1.165000  0.000000  0.005000
   1.170000  0.000000  0.005000
   1.175000  0.000000  0.005000
   1.180000  0.000000  0.005000
   1.185000  0.000000  0.005000
   1.190000  0.000000  0.005000
   1.195000  0.000000  0.005000
   1.200000  0.000000  0.005000
   1.205000  0.000000  0.004500
   1.210000  0.000000  0.004000
   1.215000  0.000000  0.003500
   1.220000  0.000000  0.003000
   1.225000  0.000000  0.002500
   1.230000  0.000000  0.002000
   1.235000  0.000000  0.001500
   1.240000  0.000000  0.001000
   1.245000  0.000000  0.000500
   1.250000  0.000000  0.000000
   1.255000  0.000000  0.000000
   1.260000  0.000000  0.000000
   1.265000  0.000000  0.000000
   1.270000  0.000000  0.000000
   1.275000  0.000000  0.000000
   1.280000  0.000000  0.000000
   1.285000  0.000000  0.000000
   1.290000  0.000000  0.000000
   1.295000  0.000000  0.000000
   1.300000  0.000000  0.000000
   1.305000  0.000000  0.000000
   1.310000  0.000000  0.000000
   1.315000  0.000000  0.000000
   1.320000  0.000000  0.000000
   1.325000  0.000000  0.000000
   1.330000  0.000000  0.000000
   1.335000  0.000000  0.000000
   1.340000  0.000000  0.000000
   1.345000  0.000000  0.000000
   1.350000  0.000000  0.000000
   1.355000  0.000000  0.000000
   1.360000  0.000000  0.000000
   1.365000  0.000000  0.000000
   1.370000  0.000000  0.000000
   1.375000  0.000000  0.000000
   1.380000  0.000000  0.000000
   1.385000  0.000000  0.000000
   1.390000  0.000000  0.000000
   1.395000  0.000000  0.000000
   1.400000  0.000000  0.000000
   1.405000  0.000000  0.000000
   1.410000  0.000000  0.000000
   1.415000  0.000000  0.000000
   1.420000  0.000000  0.000000
   1.425000  0.000000  0.000000
   1.430000  0.000000  0.000000
   1.435000  0.000000  0.000000
   1.440000  0.000000  0.000000
   1.445000  0.000000  0.000000
   1.450000  0.000000  0.000000
   1.455000  0.000000  0.000000
   1.460000  0.000000  0.000000
   1.465000  0.000000  0.000000
   1.470000  0.000000  0.000000
   1.475000  0.000000  0.000000
   1.480000  0.000000  0.000000
   1.485000  0.000000  0.000000
   1.490000  0.000000  0.000000
   1.495000  0.000000  0.000000
   1.500000  0.000000  0.000000
   1.505000  0.000000  0.000000
   1.510000  0.000000  0.000000
   1.515000  0.000000  0.000000
   1.520000  0.000000  0.000000
   1.525000  0.000000  0.000000
   1.530000  0.000000  0.000000
   1.535000  0.000000  0.000000
   1.540000  0.000000  0.000000
   1.545000  0.000000  0.000000
   1.550000  0.000000  0.000000
   1.555000  0.000000  0.000000
   1.560000  0.000000  0.000000
   1.565000  0.000000  0.000000
   1.570000  0.000000  0.000000
   1.575000  0.000000  0.000000
   1.580000  0.000000  0.000000
   1.585000  0.000000  0.000000
   1.590000  0.000000  0.000000
   1.595000  0.000000  0.000000
   1.600000  0.000000  0.000000
   1.605000  0.000000  0.000000
   1.610000  0.000000  0.000000
   1.615000  0.000000  0.000000
   1.620000  0.000000  0.000000
   1.625000  0.000000  0.000000
   1.630000  0.000000  0.000000
   1.635000  0.000000  0.000000
   1.640000  0.000000  0.000000
   1.645000  0.000000  0.000000
   1.650000  0.000000  0.000000
   1.655000  0.000000  0.000000
   1.660000  0.000000  0.000000
   1.665000  0.000000  0.000000
   1.670000  0.000000  0.000000
   1.675000  0.000000  0.000000
   1.680000  0.000000  0.000000
   1.685000  0.000000  0.000000
   1.690000  0.000000  0.000000
   1.695000  0.000000  0.000000
   1.700000  0.000000  0.000000
   1.705000  0.000000  0.000000
   1.710000  0.000000  0.000000
   1.715000  0.000000  0.000000
   1.720000  0.000000  0.000000
   1.725000  0.000000  0.000000
   1.730000  0.000000  0.000000
   1.735000  0.000000  0.000000
   1.740000  0.000000  0.000000
   1.745000  0.000000  0.000000
   1.750000  0.000000  0.000000
   1.755000  0.000000  0.000000
   1.760000  0.000000  0.000000
   1.765000  0.000000  0.000000
   1.770000  0.000000  0.000000
   1.775000  0.000000  0.000000
   1.780000  0.000000  0.000000
   1.785000  0.000000  0.000000
   1.790000  0.000000  0.000000
   1.795000  0.000000  0.000000
   1.800000  0.000000  0.000000
   1.805000  0.000000  0.000000
   1.810000  0.000000  0.000000
   1.815000  0.000000  0.000000
   1.820000  0.000000  0.000000
   1.825000  0.000000  0.000000
   1.830000  0.000000  0.000000
   1.835000  0.000000  0.000000
   1.840000  0.000000  0.000000
   1.845000  0.000000  0.000000
   1.850000  0.000000  0.000000
   1.855000  0.000000  0.000000
   1.860000  0.000000  0.000000
   1.865000  0.000000  0.000000
   1.870000  0.000000  0.000000
   1.875000  0.000000  0.000000
   1.880000  0.000000  0.000000
   1.885000  0.000000  0.000000
   1.890000  0.000000  0.000000
   1.895000  0.000000  0.000000
   1.900000  0.000000  0.000000
   1.905000  0.000000  0.000000
   1.910000  0.000000  0.000000
   1.915000  0.000000  0.000000
   1.920000  0.000000  0.000000
   1.925000  0.000000  0.000000
   1.930000  0.000000  0.000000
   1.935000  0.000000  0.000000
   1.940000  0.000000  0.000000
   1.945000  0.000000  0.000000
   1.950000  0.000000  0.000000
   1.955000  0.000000  0.000000
   1.960000  0.000000  0.000000
   1.965000  0.000000  0.000000
   1.970000  0.000000  0.000000
   1.975000  0.000000  0.000000
   1.980000  0.000000  0.000000
   1.985000  0.000000  0.000000
   1.990000  0.000000  0.000000
   1.995000  0.000000  0.000000
   2.000000  0.000000  0.000000
   2.005000  0.000000  0.000000
   2.010000  0.000000  0.000000
   2.015000  0.000000  0.000000
   2.020000  0.000000  0.000000
   2.025000  0.000000  0.000000
   2.030000  0.000000  0.000000
   2.035000  0.000000  0.000000
   2.040000  0.000000  0.000000
   2.045000  0.000000  0.000000
   2.050000  0.000000  0.000000
   2.055000  0.000000  0.000000
   2.060000  0.000000  0.000000
   2.065000  0.000000  0.000000
   2.070000  0.000000  0.000000
   2.075000  0.000000  0.000000
   2.080000  0.000000  0.000000
   2.085000  0.000000  0.000000
   2.090000  0.000000  0.000000
   2.095000  0.000000  0.000000
   2.100000  0.000000  0.000000
   2.105000  0.000000  0.000000
   2.110000  0.000000  0.000000
   2.115000  0.000000  0.000000
   2.120000  0.000000  0.000000
   2.125000  0.000000  0.000000
   2.130000  0.000000  0.000000
   2.135000  0.000000  0.000000
   2.140000  0.000000  0.000000
   2.145000  0.000000  0.000000
   2.150000  0.000000  0.000000
   2.155000  0.000000  0.000000
   2.160000  0.000000  0.000000
   2.165000  0.000000  0.000000
   2.170000  0.000000  0.000000
   2.175000  0.000000  0.000000
   2.180000  0.000000  0.000000
   2.185000  0.000000  0.000000
   2.190000  0.000000  0.000000
   2.195000  0.000000  0.000000
   2.200000  0.000000  0.000000
   2.205000  0.000000  0.000000
   2.210000  0.000000  0.000000
   2.215000  0.000000  0.000000
   2.220000  0.000000  0.000000
   2.225000  0.000000  0.000000
   2.230000  0.000000  0.000000
   2.235000  0.000000  0.000000
   2.240000  0.000000  0.000000
   2.245000  0.000000  0.000000
   2.250000  0.000000  0.000000
   2.255000  0.000000  0.000000
   2.260000  0.000000  0.000000
   2.265000  0.000000  0.000000
   2.270000  0.000000  0.000000
   2.275000  0.000000  0.000000
   2.280000  0.000000  0.000000
   2.285000  0.000000  0.000000
   2.290000  0.000000  0.000000
   2.295000  0.000000  0.000000
   2.300000  0.000000  0.000000
   2.305000  0.000000  0.000000
   2.310000  0.000000  0.000000
   2.315000  0.000000  0.000000
   2.320000  0.000000  0.000000
   2.325000  0.000000  0.000000
   2.330000  0.000000  0.000000
   2.335000  0.000000  0.000000
   2.340000  0.000000  0.000000
   2.345000  0.000000  0.000000
   2.350000  0.000000  0.000000
   2.355000  0.000000  0.000000
   2.360000  0.000000  0.000000
   2.365000  0.000000  0.000000
   2.370000  0.000000  0.000000
   2.375000  0.000000  0.000000
   2.380000  0.000000  0.000000
   2.385000  0.000000  0.000000
   2.390000  0.000000  0.000000
   2.395000  0.000000  0.000000
   2.400000  0.000000  0.000000
   2.405000  0.000000  0.000000
   2.410000  0.000000  0.000000
   2.415000  0.000000  0.000000
   2.420000  0.000000  0.000000
   2.425000  0.000000  0.000000
   2.430000  0.000000  0.000000
   2.435000  0.000000  0.000000
   2.440000  0.000000  0.000000
   2.445000  0.000000  0.000000
   2.450000  0.000000  0.000000
   2.455000  0.000000  0.000000
   2.460000  0.000000  0.000000
   2.465000  0.000000  0.000000
   2.470000  0.000000  0.000000
   2.475000  0.000000  0.000000
   2.480000  0.000000  0.000000
   2.485000  0.000000  0.000000
   2.490000  0.000000  0.000000
   2.495000  0.000000  0.000000
   2.500000  0.000000  0.000000
   2.505000  0.000000  0.000000
   2.510000  0.000000  0.000000
   2.515000  0.000000  0.000000
   2.520000  0.000000  0.000000
   2.525000  0.000000  0.000000
   2.530000  0.000000  0.000000
   2.535000  0.000000  0.000000
   2.540000  0.000000  0.000000
   2.545000  0.000000  0.000000
   2.550000  0.000000  0.000000
   2.555000  0.000000  0.000000
   2.560000  0.000000  0.000000
   2.565000  0.000000  0.000000
   2.570000  0.000000  0.000000
   2.575000  0.000000  0.000000
   2.580000  0.000000  0.000000
   2.585000  0.000000  0.000000
   2.590000  0.000000  0.000000
   2.595000  0.000000  0.000000
   2.600000  0.000000  0.000000
   2.605000  0.000000  0.000000
   2.610000  0.000000  0.000000
   2.615000  0.000000  0.000000
   2.620000  0.000000  0.000000
   2.625000  0.000000  0.000000
   2.630000  0.000000  0.000000
   2.635000  0.000000  0.000000
   2.640000  0.000000  0.000000
   2.645000  0.000000  0.000000
   2.650000  0.000000  0.000000
   2.655000  0.000000  0.000000
   2.660000  0.000000  0.000000
   2.665000  0.000000  0.000000
   2.670000  0.000000  0.000000
   2.675000  0.000000  0.000000
   2.680000  0.000000  0.000000
   2.685000  0.000000  0.000000
   2.690000  0.000000  0.000000
   2.695000  0.000000  0.000000
   2.700000  0.000000  0.000000
   2.705000  0.000000  0.000000
   2.710000  0.000000  0.000000
   2.715000  0.000000  0.000000
   2.720000  0.000000  0.000000
   2.725000  0.000000  0.000000
   2.730000  0.000000  0.000000
   2.735000  0.000000  0.000000
   2.740000  0.000000  0.000000
   2.745000  0.000000  0.000000
   2.750000  0.000000  0.000000
   2.755000  0.000000  0.000000
   2.760000  0.000000  0.000000
   2.765000  0.000000  0.000000
   2.770000  0.000000  0.000000
   2.775000  0.000000  0.000000
   2.780000  0.000000  0.000000
   2.785000  0.000000  0.000000
   2.790000  0.000000  0.000000
   2.795000  0.000000  0.000000
   2.800000  0.000000  0.000000
   2.805000  0.000000  0.000000
   2.810000  0.000000  0.000000
   2.815000  0.000000  0.000000
   2.820000  0.000000  0.000000
   2.825000  0.000000  0.000000
   2.830000  0.000000  0.000000
   2.835000  0.000000  0.000000
   2.840000  0.000000  0.000000
   2.845000  0.000000  0.000000
   2.850000  0.000000  0.000000
   2.855000  0.000000  0.000000
   2.860000  0.000000  0.000000
   2.865000  0.000000  0.000000
   2.870000  0.000000  0.000000
   2.875000  0.000000  0.000000
   2.880000  0.000000  0.000000
   2.885000  0.000000  0.000000
   2.890000  0.000000  0.000000
   2.895000  0.000000  0.000000
   2.900000  0.000000  0.000000
   2.905000  0.000000  0.000000
   2.910000  0.000000  0.000000
   2.915000  0.000000  0.000000
   2.920000  0.000000  0.000000
   2.925000  0.000000  0.000000
   2.930000  0.000000  0.000000
   2.935000  0.000000  0.000000
   2.940000  0.000000  0.000000
   2.945000  0.000000  0.000000
   2.950000  0.000000  0.000000
   2.955000  0.000000  0.000000
   2.960000  0.000000  0.000000
   2.965000  0.000000  0.000000
   2.970000  0.000000  0.000000
   2.975000  0.000000  0.000000
   2.980000  0.000000  0.000000
   2.985000  0.000000  0.000000
   2.990000  0.000000  0.000000
   2.995000  0.000000  0.000000
   3.000000  0.000000  0.000000
   3.005000  0.000000  0.000000
   3.010000  0.000000  0.000000
   3.015000  0.000000  0.000000
   3.020000  0.000000  0.000000
   3.025000  0.000000  0.000000
   3.030000  0.000000  0.000000
   3.035000  0.000000  0.000000
   3.040000  0.000000  0.000000
   3.045000  0.000000  0.000000
   3.050000  0.000000  0.000000
   3.055000  0.000000  0.000000
   3.060000  0.000000  0.000000
   3.065000  0.000000  0.000000
   3.070000  0.000000  0.000000
   3.075000  0.000000  0.000000
   3.080000  0.000000  0.000000
   3.085000  0.000000  0.000000
   3.090000  0.000000  0.000000
   3.095000  0.000000  0.000000
   3.100000  0.000000  0.000000
   3.105000  0.000000  0.000000
   3.110000  0.000000  0.000000
   3.115000  0.000000  0.000000
   3.120000  0.000000  0.000000
   3.125000  0.000000  0.000000
   3.130000  0.000000  0.000000
   3.135000  0.000000  0.000000
   3.140000  0.000000  0.000000
   3.145000  0.000000  0.000000
   3.150000  0.000000  0.000000
   3.155000  0.000000  0.000000
   3.160000  0.000000  0.000000
   3.165000  0.000000  0.000000
   3.170000  0.000000  0.000000
   3.175000  0.000000  0.000000
   3.180000  0.000000  0.000000
   3.185000  0.000000  0.000000
   3.190000  0.000000  0.000000
   3.195000  0.000000  0.000000
   3.200000  0.000000  0.000000
   3.205000  0.000000  0.000000
   3.210000  0.000000  0.000000
   3.215000  0.000000  0.000000
   3.220000  0.000000  0.000000
   3.225000  0.000000  0.000000
   3.230000  0.000000  0.000000
   3.235000  0.000000  0.000000
   3.240000  0.000000  0.000000
   3.245000  0.000000  0.000000
   3.250000  0.000000  0.000000
   3.255000  0.000000  0.000000
   3.260000  0.000000  0.000000
   3.265000  0.000000  0.000000
   3.270000  0.000000  0.000000
   3.275000  0.000000  0.000000
   3.280000  0.000000  0.000000
   3.285000  0.000000  0.000000
   3.290000  0.000000  0.000000
   3.295000  0.000000  0.000000
   3.300000  0.000000  0.000000
   3.305000  0.000000  0.000000
   3.310000  0.000000  0.000000
   3.315000  0.000000  0.000000
   3.320000  0.000000  0.000000
   3.325000  0.000000  0.000000
   3.330000  0.000000  0.000000
   3.335000  0.000000  0.000000
   3.340000  0.000000  0.000000
   3.345000  0.000000  0.000000
   3.350000  0.000000  0.000000
   3.355000  0.000000  0.000000
   3.360000  0.000000  0.000000
   3.365000  0.000000  0.000000
   3.370000  0.000000  0.000000
   3.375000  0.000000  0.000000
   3.380000  0.000000  0.000000
   3.385000  0.000000  0.000000
   3.390000  0.000000  0.000000
   3.395000  0.000000  0.000000
   3.400000  0.000000  0.000000
   3.405000  0.000000  0.000000
   3.410000  0.000000  0.000000
   3.415000  0.000000  0.000000
   3.420000  0.000000  0.000000
   3.425000  0.000000  0.000000
   3.430000  0.000000  0.000000
   3.435000  0.000000  0.000000
   3.440000  0.000000  0.000000
   3.445000  0.000000  0.000000
   3.450000  0.000000  0.000000
   3.455000  0.000000  0.000000
   3.460000  0.000000  0.000000
   3.465000  0.000000  0.000000
   3.470000  0.000000  0.000000
   3.475000  0.000000  0.000000
   3.480000  0.000000  0.000000
   3.485000  0.000000  0.000000
   3.490000  0.000000  0.000000
   3.495000  0.000000  0.000000
   3.500000  0.000000  0.000000
   3.505000  0.000000  0.000000
   3.510000  0.000000  0.000000
   3.515000  0.000000  0.000000
   3.520000  0.000000  0.000000
   3.525000  0.000000  0.000000
   3.530000  0.000000  0.000000
   3.535000  0.000000  0.000000
   3.540000  0.000000  0.000000
   3.545000  0.000000  0.000000
   3.550000  0.000000  0.000000
   3.555000  0.000000  0.000000
   3.560000  0.000000  0.000000
   3.565000  0.000000  0.000000
   3.570000  0.000000  0.000000
   3.575000  0.000000  0.000000
   3.580000  0.000000  0.000000
   3.585000  0.000000  0.000000
   3.590000  0.000000  0.000000
   3.595000  0.000000  0.000000
   3.600000  0.000000  0.000000
   3.605000  0.000000  0.000000
   3.610000  0.000000  0.000000
   3.615000  0.000000  0.000000
   3.620000  0.000000  0.000000
   3.625000  0.000000  0.000000
   3.630000  0.000000  0.000000
   3.635000  0.000000  0.000000
   3.640000  0.000000  0.000000
   3.645000  0.000000  0.000000
   3.650000  0.000000  0.000000
   3.655000  0.000000  0.000000
   3.660000  0.000000  0.000000
   3.665000  0.000000  0.000000
   3.670000  0.000000  0.000000
   3.675000  0.000000  0.000000
   3.680000  0.000000  0.000000
   3.685000  0.000000  0.000000
   3.690000  0.000000  0.000000
   3.695000  0.000000  0.000000
   3.700000  0.000000  0.000000
   3.705000  0.000000  0.000000
   3.710000  0.000000  0.000000
   3.715000  0.000000  0.000000
   3.720000  0.000000  0.000000
   3.725000  0.000000  0.000000
   3.730000  0.000000  0.000000
   3.735000  0.000000  0.000000
   3.740000  0.000000  0.000000
   3.745000  0.000000  0.000000
   3.750000  0.000000  0.000000
   3.755000  0.000000  0.000000
   3.760000  0.000000  0.000000
   3.765000  0.000000  0.000000
   3.770000  0.000000  0.000000
   3.775000  0.000000  0.000000
   3.780000  0.000000  0.000000
   3.785000  0.000000  0.000000
   3.790000  0.000000  0.000000
   3.795000  0.000000  0.000000
   3.800000  0.000000  0.000000
   3.805000  0.000000  0.000000
   3.810000  0.000000  0.000000
   3.815000  0.000000  0.000000
   3.820000  0.000000  0.000000
   3.825000  0.000000  0.000000
   3.830000  0.000000  0.000000
   3.835000  0.000000  0.000000
   3.840000  0.000000  0.000000
   3.845000  0.000000  0.000000
   3.850000  0.000000  0.000000
   3.855000  0.000000  0.000000
   3.860000  0.000000  0.000000
   3.865000  0.000000  0.000000
   3.870000  0.000000  0.000000
   3.875000  0.000000  0.000000
   3.880000  0.000000  0.000000
   3.885000  0.000000  0.000000
   3.890000  0.000000  0.000000
   3.895000  0.000000  0.000000
   3.900000  0.000000  0.000000
   3.905000  0.000000  0.000000
   3.910000  0.000000  0.000000
   3.915000  0.000000  0.000000
   3.920000  0.000000  0.000000
   3.925000  0.000000  0.000000
   3.930000  0.000000  0.000000
   3.935000  0.000000  0.000000
   3.940000  0.000000  0.000000
   3.945000  0.000000  0.000000
   3.950000  0.000000  0.000000
   3.955000  0.000000  0.000000
   3.960000  0.000000  0.000000
   3.965000  0.000000  0.000000
   3.970000  0.000000  0.000000
   3.975000  0.000000  0.000000
   3.980000  0.000000  0.000000
   3.985000  0.000000  0.000000
   3.990000  0.000000  0.000000
   3.995000  0.000000  0.000000
   4.000000  0.000000  0.000000
   4.005000  0.000000  0.000000
   4.010000  0.000000  0.000000
   4.015000  0.000000  0.000000
   4.020000  0.000000  0.000000
   4.025000  0.000000  0.000000
   4.030000  0.000000  0.000000
   4.035000  0.000000  0.000000
   4.040000  0.000000  0.000000
   4.045000  0.000000  0.000000
   4.050000  0.000000  0.000000
   4.055000  0.000000  0.000000
   4.060000  0.000000  0.000000
   4.065000  0.000000  0.000000
   4.070000  0.000000  0.000000
   4.075000  0.000000  0.000000
   4.080000  0.000000  0.000000
   4.085000  0.000000  0.000000
   4.090000  0.000000  0.000000
   4.095000  0.000000  0.000000
   4.100000  0.000000  0.000000
   4.105000  0.000000  0.000000
   4.110000  0.000000  0.000000
   4.115000  0.000000  0.000000
   4.120000  0.000000  0.000000
   4.125000  0.000000  0.000000
   4.130000  0.000000  0.000000
   4.135000  0.000000  0.000000
   4.140000  0.000000  0.000000
   4.145000  0.000000  0.000000
   4.150000  0.000000  0.000000
   4.155000  0.000000  0.000000
   4.160000  0.000000  0.000000
   4.165000  0.000000  0.000000
   4.170000  0.000000  0.000000
   4.175000  0.000000  0.000000
   4.180000  0.000000  0.000000
   4.185000  0.000000  0.000000
   4.190000  0.000000  0.000000
   4.195000  0.000000  0.000000
   4.200000  0.000000  0.000000
   4.205000  0.000000  0.000000
   4.210000  0.000000  0.000000
   4.215000  0.000000  0.000000
   4.220000  0.000000  0.000000
   4.225000  0.000000  0.000000
   4.230000  0.000000  0.000000
   4.235000  0.000000  0.000000
   4.240000  0.000000  0.000000
   4.245000  0.000000  0.000000
   4.250000  0.000000  0.000000
   4.255000  0.000000  0.000000
   4.260000  0.000000  0.000000
   4.265000  0.000000  0.000000
   4.270000  0.000000  0.000000
   4.275000  0.000000  0.000000
   4.280000  0.000000  0.000000
   4.285000  0.000000  0.000000
   4.290000  0.000000  0.000000
   4.295000  0.000000  0.000000
   4.300000  0.000000  0.000000
   4.305000  0.000000  0.000000
   4.310000  0.000000  0.000000
   4.315000  0.000000  0.000000
   4.320000  0.000000  0.000000
   4.325000  0.000000  0.000000
   4.330000  0.000000  0.000000
   4.335000  0.000000  0.000000
   4.340000  0.000000  0.000000
   4.345000  0.000000  0.000000
   4.350000  0.000000  0.000000
   4.355000  0.000000  0.000000
   4.360000  0.000000  0.000000
   4.365000  0.000000  0.000000
   4.370000  0.000000  0.000000
   4.375000  0.000000  0.000000
   4.380000  0.000000  0.000000
   4.385000  0.000000  0.000000
   4.390000  0.000000  0.000000
   4.395000  0.000000  0.000000
   4.400000  0.000000  0.000000
   4.405000  0.000000  0.000000
   4.410000  0.000000  0.000000
   4.415000  0.000000  0.000000
   4.420000  0.000000  0.000000
   4.425000  0.000000  0.000000
   4.430000  0.000000  0.000000
   4.435000  0.000000  0.000000
   4.440000  0.000000  0.000000
   4.445000  0.000000  0.000000
   4.450000  0.000000  0.000000
   4.455000  0.000000  0.000000
   4.460000  0.000000  0.000000
   4.465000  0.000000  0.000000
   4.470000  0.000000  0.000000
   4.475000  0.000000  0.000000
   4.480000  0.000000  0.000000
   4.485000  0.000000  0.000000
   4.490000  0.000000  0.000000
   4.495000  0.000000  0.000000
   4.500000  0.000000  0.000000
   4.505000  0.000000  0.000000
   4.510000  0.000000  0.000000
   4.515000  0.000000  0.000000
   4.520000  0.000000  0.000000
   4.525000  0.000000  0.000000
   4.530000  0.000000  0.000000
   4.535000  0.000000  0.000000
   4.540000  0.000000  0.000000
   4.545000  0.000000  0.000000
   4.550000  0.000000  0.000000
   4.555000  0.000000  0.000000
   4.560000  0.000000  0.000000
   4.565000  0.000000  0.000000
   4.570000  0.000000  0.000000
   4.575000  0.000000  0.000000
   4.580000  0.000000  0.000000
   4.585000  0.000000  0.000000
   4.590000  0.000000  0.000000
   4.595000  0.000000  0.000000
   4.600000  0.000000  0.000000
   4.605000  0.000000  0.000000
   4.610000  0.000000  0.000000
   4.615000  0.000000  0.000000
   4.620000  0.000000  0.000000
   4.625000  0.000000  0.000000
   4.630000  0.000000  0.000000
   4.635000  0.000000  0.000000
   4.640000  0.000000  0.000000
   4.645000  0.000000  0.000000
   4.650000  0.000000  0.000000
   4.655000  0.000000  0.000000
   4.660000  0.000000  0.000000
   4.665000  0.000000  0.000000
   4.670000  0.000000  0.000000
   4.675000  0.000000  0.000000
   4.680000  0.000000  0.000000
   4.685000  0.000000  0.000000
   4.690000  0.000000  0.000000
   4.695000  0.000000  0.000000
   4.700000  0.000000  0.000000
   4.705000  0.000000  0.000000
   4.710000  0.000000  0.000000
   4.715000  0.000000  0.000000
   4.720000  0.000000  0.000000
   4.725000  0.000000  0.000000
   4.730000  0.000000  0.000000
   4.735000  0.000000  0.000000
   4.740000  0.000000  0.000000
   4.745000  0.000000  0.000000
   4.750000  0.000000  0.000000
   4.755000  0.000000  0.000000
   4.760000  0.000000  0.000000
   4.765000  0.000000  0.000000
   4.770000  0.000000  0.000000
   4.775000  0.000000  0.000000
   4.780000  0.000000  0.000000
   4.785000  0.000000  0.000000
   4.790000  0.000000  0.000000
   4.795000  0.000000  0.000000
   4.800000  0.000000  0.000000
   4.805000  0.000000  0.000000
   4.810000  0.000000  0.000000
   4.815000  0.000000  0.000000
   4.820000  0.000000  0.000000
   4.825000  0.000000  0.000000
   4.830000  0.000000  0.000000
   4.835000  0.000000  0.000000
   4.840000  0.000000  0.000000
   4.845000  0.000000  0.000000
   4.850000  0.000000  0.000000
   4.855000  0.000000  0.000000
   4.860000  0.000000  0.000000
   4.865000  0.000000  0.000000
   4.870000  0.000000  0.000000
   4.875000  0.000000  0.000000
   4.880000  0.000000  0.000000
   4.885000  0.000000  0.000000
   4.890000  0.000000  0.000000
   4.895000  0.000000  0.000000
   4.900000  0.000000  0.000000
   4.905000  0.000000  0.000000
   4.910000  0.000000  0.000000
   4.915000  0.000000  0.000000
   4.920000  0.000000  0.000000
   4.925000  0.000000  0.000000
   4.930000  0.000000  0.000000
   4.935000  0.000000  0.000000
   4.940000  0.000000  0.000000
   4.945000  0.000000  0.000000
   4.950000  0.000000  0.000000
   4.955000  0.000000  0.000000
   4.960000  0.000000  0.000000
   4.965000  0.000000  0.000000
   4.970000  0.000000  0.000000
   4.975000  0.000000  0.000000
   4.980000  0.000000  0.000000
   4.985000  0.000000  0.000000
   4.990000  0.000000  0.000000
   4.995000  0.000000  0.000000
   5.000000  0.000000  0.000000
   5.005000  0.000000  0.000000
   5.010000  0.000000  0.000000
   5.015000  0.000000  0.000000
   5.020000  0.000000  0.000000
   5.025000  0.000000  0.000000
   5.030000  0.000000  0.000000
   5.035000  0.000000  0.000000
   5.040000  0.000000  0.000000
   5.045000  0.000000  0.000000
   5.050000  0.000000  0.000000
   5.055000  0.000000  0.000000
   5.060000  0.000000  0.000000
   5.065000  0.000000  0.000000
   5.070000  0.000000  0.000000
   5.075000  0.000000  0.000000
   5.080000  0.000000  0.000000
   5.085000  0.000000  0.000000
   5.090000  0.000000  0.000000
   5.095000  0.000000  0.000000
   5.100000  0.000000  0.000000
   5.105000  0.000000  0.000000
   5.110000  0.000000  0.000000
   5.115000  0.000000  0.000000
   5.120000  0.000000  0.000000
   5.125000  0.000000  0.000000
   5.130000  0.000000  0.000000
   5.135000  0.000000  0.000000
   5.140000  0.000000  0.000000
   5.145000  0.000000  0.000000
   5.150000  0.000000  0.000000
   5.155000  0.000000  0.000000
   5.160000  0.000000  0.000000
   5.165000  0.000000  0.000000
   5.170000  0.000000  0.000000
   5.175000  0.000000  0.000000
   5.180000  0.000000  0.000000
   5.185000  0.000000  0.000000
   5.190000  0.000000  0.000000
   5.195000  0.000000  0.000000
   5.200000  0.000000  0.000000
   5.205000  0.000000  0.000000
   5.210000  0.000000  0.000000
   5.215000  0.000000  0.000000
   5.220000  0.000000  0.000000
   5.225000  0.000000  0.000000
   5.230000  0.000000  0.000000
   5.235000  0.000000  0.000000
   5.240000  0.000000  0.000000
   5.245000  0.000000  0.000000
   5.250000  0.000000  0.000000
   5.255000  0.000000  0.000000
   5.260000  0.000000  0.000000
   5.265000  0.000000  0.000000
   5.270000  0.000000  0.000000
   5.275000  0.000000  0.000000
   5.280000  0.000000  0.000000
   5.285000  0.000000  0.000000
   5.290000  0.000000  0.000000
   5.295000  0.000000  0.000000
   5.300000  0.000000  0.000000
   5.305000  0.000000  0.000000
   5.310000  0.000000  0.000000
   5.315000  0.000000  0.000000
   5.320000  0.000000  0.000000
   5.325000  0.000000  0.000000
   5.330000  0.000000  0.000000
   5.335000  0.000000  0.000000
   5.340000  0.000000  0.000000
   5.345000  0.000000  0.000000
   5.350000  0.000000  0.000000
   5.355000  0.000000  0.000000
   5.360000  0.000000  0.000000
   5.365000  0.000000  0.000000
   5.370000  0.000000  0.000000
   5.375000  0.000000  0.000000
   5.380000  0.000000  0.000000
   5.385000  0.000000  0.000000
   5.390000  0.000000  0.000000
   5.395000  0.000000  0.000000
   5.400000  0.000000  0.000000
   5.405000  0.000000  0.000000
   5.410000  0.000000  0.000000
   5.415000  0.000000  0.000000
   5.420000  0.000000  0.000000
   5.425000  0.000000  0.000000
   5.430000  0.000000  0.000000
   5.435000  0.000000  0.000000
   5.440000  0.000000  0.000000
   5.445000  0.000000  0.000000
   5.450000  0.000000  0.000000
   5.455000  0.000000  0.000000
   5.460000  0.000000  0.000000
   5.465000  0.000000  0.000000
   5.470000  0.000000  0.000000
   5.475000  0.000000  0.000000
   5.480000  0.000000  0.000000
   5.485000  0.000000  0.000000
   5.490000  0.000000  0.000000
   5.495000  0.000000  0.000000
   5.500000  0.000000  0.000000
   5.505000  0.000000  0.000000
   5.510000  0.000000  0.000000
   5.515000  0.000000  0.000000
   5.520000  0.000000  0.000000
   5.525000  0.000000  0.000000
   5.530000  0.000000  0.000000
   5.535000  0.000000  0.000000
   5.540000  0.000000  0.000000
   5.545000  0.000000  0.000000
   5.550000  0.000000  0.000000
   5.555000  0.000000  0.000000
   5.560000  0.000000  0.000000
   5.565000  0.000000  0.000000
   5.570000  0.000000  0.000000
   5.575000  0.000000  0.000000
   5.580000  0.000000  0.000000
   5.585000  0.000000  0.000000
   5.590000  0.000000  0.000000
   5.595000  0.000000  0.000000
   5.600000  0.000000  0.000000
   5.605000  0.000000  0.000000
   5.610000  0.000000  0.000000
   5.615000  0.000000  0.000000
   5.620000  0.000000  0.000000
   5.625000  0.000000  0.000000
   5.630000  0.000000  0.000000
   5.635000  0.000000  0.000000
   5.640000  0.000000  0.000000
   5.645000  0.000000  0.000000
   5.650000  0.000000  0.000000
   5.655000  0.000000  0.000000
   5.660000  0.000000  0.000000
   5.665000  0.000000  0.000000
   5.670000  0.000000  0.000000
   5.675000  0.000000  0.000000
   5.680000  0.000000  0.000000
   5.685000  0.000000  0.000000
   5.690000  0.000000  0.000000
   5.695000  0.000000  0.000000
   5.700000  0.000000  0.000000
   5.705000  0.000000  0.000000
   5.710000  0.000000  0.000000
   5.715000  0.000000  0.000000
   5.720000  0.000000  0.000000
   5.725000  0.000000  0.000000
   5.730000  0.000000  0.000000
   5.735000  0.000000  0.000000
   5.740000  0.000000  0.000000
   5.745000  0.000000  0.000000
   5.750000  0.000000  0.000000
   5.755000  0.000000  0.000000
   5.760000  0.000000  0.000000
   5.765000  0.000000  0.000000
   5.770000  0.000000  0.000000
   5.775000  0.000000  0.000000
   5.780000  0.000000  0.000000
   5.785000  0.000000  0.000000
   5.790000  0.000000  0.000000
   5.795000  0.000000  0.000000
   5.800000  0.000000  0.000000
   5.805000  0.000000  0.000000
   5.810000  0.000000  0.000000
   5.815000  0.000000  0.000000
   5.820000  0.000000  0.000000
   5.825000  0.000000  0.000000
   5.830000  0.000000  0.000000
   5.835000  0.000000  0.000000
   5.840000  0.000000  0.000000
   5.845000  0.000000  0.000000
   5.850000  0.000000  0.000000
   5.855000  0.000000  0.000000
   5.860000  0.000000  0.000000
   5.865000  0.000000  0.000000
   5.870000  0.000000  0.000000
   5.875000  0.000000  0.000000
   5.880000  0.000000  0.000000
   5.885000  0.000000  0.000000
   5.890000  0.000000  0.000000
   5.895000  0.000000  0.000000
   5.900000  0.000000  0.000000
   5.905000  0.000000  0.000000
   5.910000  0.000000  0.000000
   5.915000  0.000000  0.000000
   5.920000  0.000000  0.000000
   5.925000  0.000000  0.000000
   5.930000  0.000000  0.000000
   5.935000  0.000000  0.000000
   5.940000  0.000000  0.000000
   5.945000  0.000000  0.000000
   5.950000  0.000000  0.000000
   5.955000  0.000000  0.000000
   5.960000  0.000000  0.000000
   5.965000  0.000000  0.000000
   5.970000  0.000000  0.000000
   5.975000  0.000000  0.000000
   5.980000  0.000000  0.000000
   5.985000  0.000000  0.000000
   5.990000  0.000000  0.000000
   5.995000  0.000000  0.000000
   6.000000  0.000000  0.000000
   6.005000  0.000000  0.000000
   6.010000  0.000000  0.000000
   6.015000  0.000000  0.000000
   6.020000  0.000000  0.000000
   6.025000  0.000000  0.000000
   6.030000  0.000000  0.000000
   6.035000  0.000000  0.000000
   6.040000  0.000000  0.000000
   6.045000  0.000000  0.000000
   6.050000  0.000000  0.000000
   6.055000  0.000000  0.000000
   6.060000  0.000000  0.000000
   6.065000  0.000000  0.000000
   6.070000  0.000000  0.000000
   6.075000  0.000000  0.000000
   6.080000  0.000000  0.000000
   6.085000  0.000000  0.000000
   6.090000  0.000000  0.000000
   6.095000  0.000000  0.000000
   6.100000  0.000000  0.000000
   6.105000  0.000000  0.000000
   6.110000  0.000000  0.000000
   6.115000  0.000000  0.000000
   6.120000  0.000000  0.000000
   6.125000  0.000000  0.000000
   6.130000  0.000000  0.000000
   6.135000  0.000000  0.000000
   6.140000  0.000000  0.000000
   6.145000  0.000000  0.000000
   6.150000  0.000000  0.000000
   6.155000  0.000000  0.000000
   6.160000  0.000000  0.000000
   6.165000  0.000000  0.000000
   6.170000  0.000000  0.000000
   6.175000  0.000000  0.000000
   6.180000  0.000000  0.000000
   6.185000  0.000000  0.000000
   6.190000  0.000000  0.000000
   6.195000  0.000000  0.000000
   6.200000  0.000000  0.000000
   6.205000  0.000000  0.000000
   6.210000  0.000000  0.000000
   6.215000  0.000000  0.000000
   6.220000  0.000000  0.000000
   6.225000  0.000000  0.000000
   6.230000  0.000000  0.000000
   6.235000  0.000000  0.000000
   6.240000  0.000000  0.000000
   6.245000  0.000000  0.000000
   6.250000  0.000000  0.000000
   6.255000  0.000000  0.000000
   6.260000  0.000000  0.000000
   6.265000  0.000000  0.000000
   6.270000  0.000000  0.000000
   6.275000  0.000000  0.000000
   6.280000  0.000000  0.000000
   6.285000  0.000000  0.000000
   6.290000  0.000000  0.000000
   6.295000  0.000000  0.000000
   6.300000  0.000000  0.000000
   6.305000  0.000000  0.000000
   6.310000  0.000000  0.000000
   6.315000  0.000000  0.000000
   6.320000  0.000000  0.000000
   6.325000  0.000000  0.000000
   6.330000  0.000000  0.000000
   6.335000  0.000000  0.000000
   6.340000  0.000000  0.000000
   6.345000  0.000000  0.000000
   6.350000  0.000000  0.000000
   6.355000  0.000000  0.000000
   6.360000  0.000000  0.000000
   6.365000  0.000000  0.000000
   6.370000  0.000000  0.000000
   6.375000  0.000000  0.000000
   6.380000  0.000000  0.000000
   6.385000  0.000000  0.000000
   6.390000  0.000000  0.000000
   6.395000  0.000000  0.000000
   6.400000  0.000000  0.000000
   6.405000  0.000000  0.000000
   6.410000  0.000000  0.000000
   6.415000  0.000000  0.000000
   6.420000  0.000000  0.000000
   6.425000  0.000000  0.000000
   6.430000  0.000000  0.000000
   6.435000  0.000000  0.000000
   6.440000  0.000000  0.000000
   6.445000  0.000000  0.000000
   6.450000  0.000000  0.000000
   6.455000  0.000000  0.000000
   6.460000  0.000000  0.000000
   6.465000  0.000000  0.000000
   6.470000  0.000000  0.000000
   6.475000  0.000000  0.000000
   6.480000  0.000000  0.000000
   6.485000  0.000000  0.000000
   6.490000  0.000000  0.000000
   6.495000  0.000000  0.000000
   6.500000  0.000000  0.000000
   6.505000  0.000000  0.000000
   6.510000  0.000000  0.000000
   6.515000  0.000000  0.000000
   6.520000  0.000000  0.000000
   6.525000  0.000000  0.000000
   6.530000  0.000000  0.000000
   6.535000  0.000000  0.000000
   6.540000  0.000000  0.000000
   6.545000  0.000000  0.000000
   6.550000  0.000000  0.000000
   6.555000  0.000000  0.000000
   6.560000  0.000000  0.000000
   6.565000  0.000000  0.000000
   6.570000  0.000000  0.000000
   6.575000  0.000000  0.000000
   6.580000  0.000000  0.000000
   6.585000  0.000000  0.000000
   6.590000  0.000000  0.000000
   6.595000  0.000000  0.000000
   6.600000  0.000000  0.000000
   6.605000  0.000000  0.000000
   6.610000  0.000000  0.000000
   6.615000  0.000000  0.000000
   6.620000  0.000000  0.000000
   6.625000  0.000000  0.000000
   6.630000  0.000000  0.000000
   6.635000  0.000000  0.000000
   6.640000  0.000000  0.000000
   6.645000  0.000000  0.000000
   6.650000  0.000000  0.000000
   6.655000  0.000000  0.000000
   6.660000  0.000000  0.000000
   6.665000  0.000000  0.000000
   6.670000  0.000000  0.000000
   6.675000  0.000000  0.000000
   6.680000  0.000000  0.000000
   6.685000  0.000000  0.000000
   6.690000  0.000000  0.000000
   6.695000  0.000000  0.000000
   6.700000  0.000000  0.000000
   6.705000  0.000000  0.000000
   6.710000  0.000000  0.000000
   6.715000  0.000000  0.000000
   6.720000  0.000000  0.000000
   6.725000  0.000000  0.000000
   6.730000  0.000000  0.000000
   6.735000  0.000000  0.000000
   6.740000  0.000000  0.000000
   6.745000  0.000000  0.000000
   6.750000  0.000000  0.000000
   6.755000  0.000000  0.000000
   6.760000  0.000000  0.000000
   6.765000  0.000000  0.000000
   6.770000  0.000000  0.000000
   6.775000  0.000000  0.000000
   6.780000  0.000000  0.000000
   6.785000  0.000000  0.000000
   6.790000  0.000000  0.000000
   6.795000  0.000000  0.000000
   6.800000  0.000000  0.000000
   6.805000  0.000000  0.000000
   6.810000  0.000000  0.000000
   6.815000  0.000000  0.000000
   6.820000  0.000000  0.000000
   6.825000  0.000000  0.000000
   6.830000  0.000000  0.000000
   6.835000  0.000000  0.000000
   6.840000  0.000000  0.000000
   6.845000  0.000000  0.000000
   6.850000  0.000000  0.000000
   6.855000  0.000000  0.000000
   6.860000  0.000000  0.000000
   6.865000  0.000000  0.000000
   6.870000  0.000000  0.000000
   6.875000  0.000000  0.000000
   6.880000  0.000000  0.000000
   6.885000  0.000000  0.000000
   6.890000  0.000000  0.000000
   6.895000  0.000000  0.000000
   6.900000  0.000000  0.000000
   6.905000  0.000000  0.000000
   6.910000  0.000000  0.000000
   6.915000  0.000000  0.000000
   6.920000  0.000000  0.000000
   6.925000  0.000000  0.000000
   6.930000  0.000000  0.000000
   6.935000  0.000000  0.000000
   6.940000  0.000000  0.000000
   6.945000  0.000000  0.000000
   6.950000  0.000000  0.000000
   6.955000  0.000000  0.000000
   6.960000  0.000000  0.000000
   6.965000  0.000000  0.000000
   6.970000  0.000000  0.000000
   6.975000  0.000000  0.000000
   6.980000  0.000000  0.000000
   6.985000  0.000000  0.000000
   6.990000  0.000000  0.000000
   6.995000  0.000000  0.000000
   7.000000  0.000000  0.000000
   7.005000  0.000000  0.000000
   7.010000  0.000000  0.000000
   7.015000  0.000000  0.000000
   7.020000  0.000000  0.000000
   7.025000  0.000000  0.000000
   7.030000  0.000000  0.000000
   7.035000  0.000000  0.000000
   7.040000  0.000000  0.000000
   7.045000  0.000000  0.000000
   7.050000  0.000000  0.000000
   7.055000  0.000000  0.000000
   7.060000  0.000000  0.000000
   7.065000  0.000000  0.000000
   7.070000  0.000000  0.000000
   7.075000  0.000000  0.000000
   7.080000  0.000000  0.000000
   7.085000  0.000000  0.000000
   7.090000  0.000000  0.000000
   7.095000  0.000000  0.000000
   7.100000  0.000000  0.000000
   7.105000  0.000000  0.000000
   7.110000  0.000000  0.000000
   7.115000  0.000000  0.000000
   7.120000  0.000000  0.000000
   7.125000  0.000000  0.000000
   7.130000  0.000000  0.000000
   7.135000  0.000000  0.000000
   7.140000  0.000000  0.000000
   7.145000  0.000000  0.000000
   7.150000  0.000000  0.000000
   7.155000  0.000000  0.000000
   7.160000  0.000000  0.000000
   7.165000  0.000000  0.000000
   7.170000  0.000000  0.000000
   7.175000  0.000000  0.000000
   7.180000  0.000000  0.000000
   7.185000  0.000000  0.000000
   7.190000  0.000000  0.000000
   7.195000  0.000000  0.000000
   7.200000  0.000000  0.000000
   7.205000  0.000000  0.000000
   7.210000  0.000000  0.000000
   7.215000  0.000000  0.000000
   7.220000  0.000000  0.000000
   7.225000  0.000000  0.000000
   7.230000  0.000000  0.000000
   7.235000  0.000000  0.000000
   7.240000  0.000000  0.000000
   7.245000  0.000000  0.000000
   7.250000  0.000000  0.000000
   7.255000  0.000000  0.000000
   7.260000  0.000000  0.000000
   7.265000  0.000000  0.000000
   7.270000  0.000000  0.000000
   7.275000  0.000000  0.000000
   7.280000  0.000000  0.000000
   7.285000  0.000000  0.000000
   7.290000  0.000000  0.000000
   7.295000  0.000000  0.000000
   7.300000  0.000000  0.000000
   7.305000  0.000000  0.000000
   7.310000  0.000000  0.000000
   7.315000  0.000000  0.000000
   7.320000  0.000000  0.000000
   7.325000  0.000000  0.000000
   7.330000  0.000000  0.000000
   7.335000  0.000000  0.000000
   7.340000  0.000000  0.000000
   7.345000  0.000000  0.000000
   7.350000  0.000000  0.000000
   7.355000  0.000000  0.000000
   7.360000  0.000000  0.000000
   7.365000  0.000000  0.000000
   7.370000  0.000000  0.000000
   7.375000  0.000000  0.000000
   7.380000  0.000000  0.000000
   7.385000  0.000000  0.000000
   7.390000  0.000000  0.000000
   7.395000  0.000000  0.000000
   7.400000  0.000000  0.000000
   7.405000  0.000000  0.000000
   7.410000  0.000000  0.000000
   7.415000  0.000000  0.000000
   7.420000  0.000000  0.000000
   7.425000  0.000000  0.000000
   7.430000  0.000000  0.000000
   7.435000  0.000000  0.000000
   7.440000  0.000000  0.000000
   7.445000  0.000000  0.000000
   7.450000  0.000000  0.000000
   7.455000  0.000000  0.000000
   7.460000  0.000000  0.000000
   7.465000  0.000000  0.000000
   7.470000  0.000000  0.000000
   7.475000  0.000000  0.000000
   7.480000  0.000000  0.000000
   7.485000  0.000000  0.000000
   7.490000  0.000000  0.000000
   7.495000  0.000000  0.000000
   7.500000  0.000000  0.000000
   7.505000  0.000000  0.000000
   7.510000  0.000000  0.000000
   7.515000  0.000000  0.000000
   7.520000  0.000000  0.000000
   7.525000  0.000000  0.000000
   7.530000  0.000000  0.000000
   7.535000  0.000000  0.000000
   7.540000  0.000000  0.000000
   7.545000  0.000000  0.000000
   7.550000  0.000000  0.000000
   7.555000  0.000000  0.000000
   7.560000  0.000000  0.000000
   7.565000  0.000000  0.000000
   7.570000  0.000000  0.000000
   7.575000  0.000000  0.000000
   7.580000  0.000000  0.000000
   7.585000  0.000000  0.000000
   7.590000  0.000000  0.000000
   7.595000  0.000000  0.000000
   7.600000  0.000000  0.000000
   7.605000  0.000000  0.000000
   7.610000  0.000000  0.000000
   7.615000  0.000000  0.000000
   7.620000  0.000000  0.000000
   7.625000  0.000000  0.000000
   7.630000  0.000000  0.000000
   7.635000  0.000000  0.000000
   7.640000  0.000000  0.000000
   7.645000  0.000000  0.000000
   7.650000  0.000000  0.000000
   7.655000  0.000000  0.000000
   7.660000  0.000000  0.000000
   7.665000  0.000000  0.000000
   7.670000  0.000000  0.000000
   7.675000  0.000000  0.000000
   7.680000  0.000000  0.000000
   7.685000  0.000000  0.000000
   7.690000  0.000000  0.000000
   7.695000  0.000000  0.000000
   7.700000  0.000000  0.000000
   7.705000  0.000000  0.000000
   7.710000  0.000000  0.000000
   7.715000  0.000000  0.000000
   7.720000  0.000000  0.000000
   7.725000  0.000000  0.000000
   7.730000  0.000000  0.000000
   7.735000  0.000000  0.000000
   7.740000  0.000000  0.000000
   7.745000  0.000000  0.000000
   7.750000  0.000000  0.000000
   7.755000  0.000000  0.000000
   7.760000  0.000000  0.000000
   7.765000  0.000000  0.000000
   7.770000  0.000000  0.000000
   7.775000  0.000000  0.000000
   7.780000  0.000000  0.000000
   7.785000  0.000000  0.000000
   7.790000  0.000000  0.000000
   7.795000  0.000000  0.000000
   7.800000  0.000000  0.000000
   7.805000  0.000000  0.000000
   7.810000  0.000000  0.000000
   7.815000  0.000000  0.000000
   7.820000  0.000000  0.000000
   7.825000  0.000000  0.000000
   7.830000  0.000000  0.000000
   7.835000  0.000000  0.000000
   7.840000  0.000000  0.000000
   7.845000  0.000000  0.000000
   7.850000  0.000000  0.000000
   7.855000  0.000000  0.000000
   7.860000  0.000000  0.000000
   7.865000  0.000000  0.000000
   7.870000  0.000000  0.000000
   7.875000  0.000000  0.000000
   7.880000  0.000000  0.000000
   7.885000  0.000000  0.000000
   7.890000  0.000000  0.000000
   7.895000  0.000000  0.000000
   7.900000  0.000000  0.000000
   7.905000  0.000000  0.000000
   7.910000  0.000000  0.000000
   7.915000  0.000000  0.000000
   7.920000  0.000000  0.000000
   7.925000  0.000000  0.000000
   7.930000  0.000000  0.000000
   7.935000  0.000000  0.000000
   7.940000  0.000000  0.000000
   7.945000  0.000000  0.000000
   7.950000  0.000000  0.000000
   7.955000  0.000000  0.000000
   7.960000  0.000000  0.000000
   7.965000  0.000000  0.000000
   7.970000  0.000000  0.000000
   7.975000  0.000000  0.000000
   7.980000  0.000000  0.000000
   7.985000  0.000000  0.000000
   7.990000  0.000000  0.000000
   7.995000  0.000000  0.000000
   8.000000  0.000000  0.000000
   8.005000  0.000000  0.000000
   8.010000  0.000000  0.000000
   8.015000  0.000000  0.000000
   8.020000  0.000000  0.000000
   8.025000  0.000000  0.000000
   8.030000  0.000000  0.000000
   8.035000  0.000000  0.000000
   8.040000  0.000000  0.000000
   8.045000  0.000000  0.000000
   8.050000  0.000000  0.000000
   8.055000  0.000000  0.000000
   8.060000  0.000000  0.000000
   8.065000  0.000000  0.000000
   8.070000  0.000000  0.000000
   8.075000  0.000000  0.000000
   8.080000  0.000000  0.000000
   8.085000  0.000000  0.000000
   8.090000  0.000000  0.000000
   8.095000  0.000000  0.000000
   8.100000  0.000000  0.000000
   8.105000  0.000000  0.000000
   8.110000  0.000000  0.000000
   8.115000  0.000000  0.000000
   8.120000  0.000000  0.000000
   8.125000  0.000000  0.000000
   8.130000  0.000000  0.000000
   8.135000  0.000000  0.000000
   8.140000  0.000000  0.000000
   8.145000  0.000000  0.000000
   8.150000  0.000000  0.000000
   8.155000  0.000000  0.000000
   8.160000  0.000000  0.000000
   8.165000  0.000000  0.000000
   8.170000  0.000000  0.000000
   8.175000  0.000000  0.000000
   8.180000  0.000000  0.000000
   8.185000  0.000000  0.000000
   8.190000  0.000000  0.000000
   8.195000  0.000000  0.000000
   8.200000  0.000000  0.000000
   8.205000  0.000000  0.000000
   8.210000  0.000000  0.000000
   8.215000  0.000000  0.000000
   8.220000  0.000000  0.000000
   8.225000  0.000000  0.000000
   8.230000  0.000000  0.000000
   8.235000  0.000000  0.000000
   8.240000  0.000000  0.000000
   8.245000  0.000000  0.000000
   8.250000  0.000000  0.000000
   8.255000  0.000000  0.000000
   8.260000  0.000000  0.000000
   8.265000  0.000000  0.000000
   8.270000  0.000000  0.000000
   8.275000  0.000000  0.000000
   8.280000  0.000000  0.000000
   8.285000  0.000000  0.000000
   8.290000  0.000000  0.000000
   8.295000  0.000000  0.000000
   8.300000  0.000000  0.000000
   8.305000  0.000000  0.000000
   8.310000  0.000000  0.000000
   8.315000  0.000000  0.000000
   8.320000  0.000000  0.000000
   8.325000  0.000000  0.000000
   8.330000  0.000000  0.000000
   8.335000  0.000000  0.000000
   8.340000  0.000000  0.000000
   8.345000  0.000000  0.000000
   8.350000  0.000000  0.000000
   8.355000  0.000000  0.000000
   8.360000  0.000000  0.000000
   8.365000  0.000000  0.000000
   8.370000  0.000000  0.000000
   8.375000  0.000000  0.000000
   8.380000  0.000000  0.000000
   8.385000  0.000000  0.000000
   8.390000  0.000000  0.000000
   8.395000  0.000000  0.000000
   8.400000  0.000000  0.000000
   8.405000  0.000000  0.000000
   8.410000  0.000000  0.000000
   8.415000  0.000000  0.000000
   8.420000  0.000000  0.000000
   8.425000  0.000000  0.000000
   8.430000  0.000000  0.000000
   8.435000  0.000000  0.000000
   8.440000  0.000000  0.000000
   8.445000  0.000000  0.000000
   8.450000  0.000000  0.000000
   8.455000  0.000000  0.000000
   8.460000  0.000000  0.000000
   8.465000  0.000000  0.000000
   8.470000  0.000000  0.000000
   8.475000  0.000000  0.000000
   8.480000  0.000000  0.000000
   8.485000  0.000000  0.000000
   8.490000  0.000000  0.000000
   8.495000  0.000000  0.000000
   8.500000  0.000000  0.000000
   8.505000  0.000000  0.000000
   8.510000  0.000000  0.000000
   8.515000  0.000000  0.000000
   8.520000  0.000000  0.000000
   8.525000  0.000000  0.000000
   8.530000  0.000000  0.000000
   8.535000  0.000000  0.000000
   8.540000  0.000000  0.000000
   8.545000  0.000000  0.000000
   8.550000  0.000000  0.000000
   8.555000  0.000000  0.000000
   8.560000  0.000000  0.000000
   8.565000  0.000000  0.000000
   8.570000  0.000000  0.000000
   8.575000  0.000000  0.000000
   8.580000  0.000000  0.000000
   8.585000  0.000000  0.000000
   8.590000  0.000000  0.000000
   8.595000  0.000000  0.000000
   8.600000  0.000000  0.000000
   8.605000  0.000000  0.000000
   8.610000  0.000000  0.000000
   8.615000  0.000000  0.000000
   8.620000  0.000000  0.000000
   8.625000  0.000000  0.000000
   8.630000  0.000000  0.000000
   8.635000  0.000000  0.000000
   8.640000  0.000000  0.000000
   8.645000  0.000000  0.000000
   8.650000  0.000000  0.000000
   8.655000  0.000000  0.000000
   8.660000  0.000000  0.000000
   8.665000  0.000000  0.000000
   8.670000  0.000000  0.000000
   8.675000  0.000000  0.000000
   8.680000  0.000000  0.000000
   8.685000  0.000000  0.000000
   8.690000  0.000000  0.000000
   8.695000  0.000000  0.000000
   8.700000  0.000000  0.000000
   8.705000  0.000000  0.000000
   8.710000  0.000000  0.000000
   8.715000  0.000000  0.000000
   8.720000  0.000000  0.000000
   8.725000  0.000000  0.000000
   8.730000  0.000000  0.000000
   8.735000  0.000000  0.000000
   8.740000  0.000000  0.000000
   8.745000  0.000000  0.000000
   8.750000  0.000000  0.000000
   8.755000  0.000000  0.000000
   8.760000  0.000000  0.000000
   8.765000  0.000000  0.000000
   8.770000  0.000000  0.000000
   8.775000  0.000000  0.000000
   8.780000  0.000000  0.000000
   8.785000  0.000000  0.000000
   8.790000  0.000000  0.000000
   8.795000  0.000000  0.000000
   8.800000  0.000000  0.000000
   8.805000  0.000000  0.000000
   8.810000  0.000000  0.000000
   8.815000  0.000000  0.000000
   8.820000  0.000000  0.000000
   8.825000  0.000000  0.000000
   8.830000  0.000000  0.000000
   8.835000  0.000000  0.000000
   8.840000  0.000000  0.000000
   8.845000  0.000000  0.000000
   8.850000  0.000000  0.000000
   8.855000  0.000000  0.000000
   8.860000  0.000000  0.000000
   8.865000  0.000000  0.000000
   8.870000  0.000000  0.000000
   8.875000  0.000000  0.000000
   8.880000  0.000000  0.000000
   8.885000  0.000000  0.000000
   8.890000  0.000000  0.000000
   8.895000  0.000000  0.000000
   8.900000  0.000000  0.000000
   8.905000  0.000000  0.000000
   8.910000  0.000000  0.000000
   8.915000  0.000000  0.000000
   8.920000  0.000000  0.000000
   8.925000  0.000000  0.000000
   8.930000  0.000000  0.000000
   8.935000  0.000000  0.000000
   8.940000  0.000000  0.000000
   8.945000  0.000000  0.000000
   8.950000  0.000000  0.000000
   8.955000  0.000000  0.000000
   8.960000  0.000000  0.000000
   8.965000  0.000000  0.000000
   8.970000  0.000000  0.000000
   8.975000  0.000000  0.000000
   8.980000  0.000000  0.000000
   8.985000  0.000000  0.000000
   8.990000  0.000000  0.000000
   8.995000  0.000000  0.000000
   9.000000  0.000000  0.000000
   9.005000  0.000000  0.000000
   9.010000  0.000000  0.000000
   9.015000  0.000000  0.000000
   9.020000  0.000000  0.000000
   9.025000  0.000000  0.000000
   9.030000  0.000000  0.000000
   9.035000  0.000000  0.000000
   9.040000  0.000000  0.000000
   9.045000  0.000000  0.000000
   9.050000  0.000000  0.000000
   9.055000  0.000000  0.000000
   9.060000  0.000000  0.000000
   9.065000  0.000000  0.000000
   9.070000  0.000000  0.000000
   9.075000  0.000000  0.000000
   9.080000  0.000000  0.000000
   9.085000  0.000000  0.000000
   9.090000  0.000000  0.000000
   9.095000  0.000000  0.000000
   9.100000  0.000000  0.000000
   9.105000  0.000000  0.000000
   9.110000  0.000000  0.000000
   9.115000  0.000000  0.000000
   9.120000  0.000000  0.000000
   9.125000  0.000000  0.000000
   9.130000  0.000000  0.000000
   9.135000  0.000000  0.000000
   9.140000  0.000000  0.000000
   9.145000  0.000000  0.000000
   9.150000  0.000000  0.000000
   9.155000  0.000000  0.000000
   9.160000  0.000000  0.000000
   9.165000  0.000000  0.000000
   9.170000  0.000000  0.000000
   9.175000  0.000000  0.000000
   9.180000  0.000000  0.000000
   9.185000  0.000000  0.000000
   9.190000  0.000000  0.000000
   9.195000  0.000000  0.000000
   9.200000  0.000000  0.000000
   9.205000  0.000000  0.000000
   9.210000  0.000000  0.000000
   9.215000  0.000000  0.000000
   9.220000  0.000000  0.000000
   9.225000  0.000000  0.000000
   9.230000  0.000000  0.000000
   9.235000  0.000000  0.000000
   9.240000  0.000000  0.000000
   9.245000  0.000000  0.000000
   9.250000  0.000000  0.000000
   9.255000  0.000000  0.000000
   9.260000  0.000000  0.000000
   9.265000  0.000000  0.000000
   9.270000  0.000000  0.000000
   9.275000  0.000000  0.000000
   9.280000  0.000000  0.000000
   9.285000  0.000000  0.000000
   9.290000  0.000000  0.000000
   9.295000  0.000000  0.000000
   9.300000  0.000000  0.000000
   9.305000  0.000000  0.000000
   9.310000  0.000000  0.000000
   9.315000  0.000000  0.000000
   9.320000  0.000000  0.000000
   9.325000  0.000000  0.000000
   9.330000  0.000000  0.000000
   9.335000  0.000000  0.000000
   9.340000  0.000000  0.000000
   9.345000  0.000000  0.000000
   9.350000  0.000000  0.000000
   9.355000  0.000000  0.000000
   9.360000  0.000000  0.000000
   9.365000  0.000000  0.000000
   9.370000  0.000000  0.000000
   9.375000  0.000000  0.000000
   9.380000  0.000000  0.000000
   9.385000  0.000000  0.000000
   9.390000  0.000000  0.000000
   9.395000  0.000000  0.000000
   9.400000  0.000000  0.000000
   9.405000  0.000000  0.000000
   9.410000  0.000000  0.000000
   9.415000  0.000000  0.000000
   9.420000  0.000000  0.000000
   9.425000  0.000000  0.000000
   9.430000  0.000000  0.000000
   9.435000  0.000000  0.000000
   9.440000  0.000000  0.000000
   9.445000  0.000000  0.000000
   9.450000  0.000000  0.000000
   9.455000  0.000000  0.000000
   9.460000  0.000000  0.000000
   9.465000  0.000000  0.000000
   9.470000  0.000000  0.000000
   9.475000  0.000000  0.000000
   9.480000  0.000000  0.000000
   9.485000  0.000000  0.000000
   9.490000  0.000000  0.000000
   9.495000  0.000000  0.000000
   9.500000  0.000000  0.000000
   9.505000  0.000000  0.000000
   9.510000  0.000000  0.000000
   9.515000  0.000000  0.000000
   9.520000  0.000000  0.000000
   9.525000  0.000000  0.000000
   9.530000  0.000000  0.000000
   9.535000  0.000000  0.000000
   9.540000  0.000000  0.000000
   9.545000  0.000000  0.000000
   9.550000  0.000000  0.000000
   9.555000  0.000000  0.000000
   9.560000  0.000000  0.000000
   9.565000  0.000000  0.000000
   9.570000  0.000000  0.000000
   9.575000  0.000000  0.000000
   9.580000  0.000000  0.000000
   9.585000  0.000000  0.000000
   9.590000  0.000000  0.000000
   9.595000  0.000000  0.000000
   9.600000  0.000000  0.000000
   9.605000  0.000000  0.000000
   9.610000  0.000000  0.000000
   9.615000  0.000000  0.000000
   9.620000  0.000000  0.000000
   9.625000  0.000000  0.000000
   9.630000  0.000000  0.000000
   9.635000  0.000000  0.000000
   9.640000  0.000000  0.000000
   9.645000  0.000000  0.000000
   9.650000  0.000000  0.000000
   9.655000  0.000000  0.000000
   9.660000  0.000000  0.000000
   9.665000  0.000000  0.000000
   9.670000  0.000000  0.000000
   9.675000  0.000000  0.000000
   9.680000  0.000000  0.000000
   9.685000  0.000000  0.000000
   9.690000  0.000000  0.000000
   9.695000  0.000000  0.000000
   9.700000  0.000000  0.000000
   9.705000  0.000000  0.000000
   9.710000  0.000000  0.000000
   9.715000  0.000000  0.000000
   9.720000  0.000000  0.000000
   9.725000  0.000000  0.000000
   9.730000  0.000000  0.000000
   9.735000  0.000000  0.000000
   9.740000  0.000000  0.000000
   9.745000  0.000000  0.000000
   9.750000  0.000000  0.000000
   9.755000  0.000000  0.000000
   9.760000  0.000000  0.000000
   9.765000  0.000000  0.000000
   9.770000  0.000000  0.000000
   9.775000  0.000000  0.000000
   9.780000  0.000000  0.000000
   9.785000  0.000000  0.000000
   9.790000  0.000000  0.000000
   9.795000  0.000000  0.000000
   9.800000  0.000000  0.000000
   9.805000  0.000000  0.000000
   9.810000  0.000000  0.000000
   9.815000  0.000000  0.000000
   9.820000  0.000000  0.000000
   9.825000  0.000000  0.000000
   9.830000  0.000000  0.000000
   9.835000  0.000000  0.000000
   9.840000  0.000000  0.000000
   9.845000  0.000000  0.000000
   9.850000  0.000000  0.000000
   9.855000  0.000000  0.000000
   9.860000  0.000000  0.000000
   9.865000  0.000000  0.000000
   9.870000  0.000000  0.000000
   9.875000  0.000000  0.000000
   9.880000  0.000000  0.000000
   9.885000  0.000000  0.000000
   9.890000  0.000000  0.000000
   9.895000  0.000000  0.000000
   9.900000  0.000000  0.000000
   9.905000  0.000000  0.000000
   9.910000  0.000000  0.000000
   9.915000  0.000000  0.000000
   9.920000  0.000000  0.000000
   9.925000  0.000000  0.000000
   9.930000  0.000000  0.000000
   9.935000  0.000000  0.000000
   9.940000  0.000000  0.000000
   9.945000  0.000000  0.000000
   9.950000  0.000000  0.000000
   9.955000  0.000000  0.000000
   9.960000  0.000000  0.000000
   9.965000  0.000000  0.000000
   9.970000  0.000000  0.000000
   9.975000  0.000000  0.000000
   9.980000  0.000000  0.000000
   9.985000  0.000000  0.000000
   9.990000  0.000000  0.000000
   9.995000  0.000000  0.000000
  10.000000  0.000000  0.000000
  10.005000  0.000000  0.000000
  10.010000  0.000000  0.000000
  10.015000  0.000000  0.000000
  10.020000  0.000000  0.000000
  10.025000  0.000000  0.000000
  10.030000  0.000000  0.000000
  10.035000  0.000000  0.000000
  10.040000  0.000000  0.000000
  10.045000  0.000000  0.000000
  10.050000  0.000000  0.000000
  10.055000  0.000000  0.000000
  10.060000  0.000000  0.000000
  10.065000  0.000000  0.000000
  10.070000  0.000000  0.000000
  10.075000  0.000000  0.000000
  10.080000  0.000000  0.000000
  10.085000  0.000000  0.000000
  10.090000  0.000000  0.000000
  10.095000  0.000000  0.000000
  10.100000  0.000000  0.000000
  10.105000  0.000000  0.000000
  10.110000  0.000000  0.000000
  10.115000  0.000000  0.000000
  10.120000  0.000000  0.000000
  10.125000  0.000000  0.000000
  10.130000  0.000000  0.000000
  10.135000  0.000000  0.000000
  10.140000  0.000000  0.000000
  10.145000  0.000000  0.000000
  10.150000  0.000000  0.000000
  10.155000  0.000000  0.000000
  10.160000  0.000000  0.000000
  10.165000  0.000000  0.000000
  10.170000  0.000000  0.000000
  10.175000  0.000000  0.000000
  10.180000  0.000000  0.000000
  10.185000  0.000000  0.000000
  10.190000  0.000000  0.000000
  10.195000  0.000000  0.000000
  10.200000  0.000000  0.000000
  10.205000  0.000000  0.000000
  10.210000  0.000000  0.000000
  10.215000  0.000000  0.000000
  10.220000  0.000000  0.000000
  10.225000  0.000000  0.000000
  10.230000  0.000000  0.000000
  10.235000  0.000000  0.000000
  10.240000  0.000000  0.000000
  10.245000  0.000000  0.000000
  10.250000  0.000000  0.000000
  10.255000  0.000000  0.000000
  10.260000  0.000000  0.000000
  10.265000  0.000000  0.000000
  10.270000  0.000000  0.000000
  10.275000  0.000000  0.000000
  10.280000  0.000000  0.000000
  10.285000  0.000000  0.000000
  10.290000  0.000000  0.000000
  10.295000  0.000000  0.000000
  10.300000  0.000000  0.000000
  10.305000  0.000000  0.000000
  10.310000  0.000000  0.000000
  10.315000  0.000000  0.000000
  10.320000  0.000000  0.000000
  10.325000  0.000000  0.000000
  10.330000  0.000000  0.000000
  10.335000  0.000000  0.000000
  10.340000  0.000000  0.000000
  10.345000  0.000000  0.000000
  10.350000  0.000000  0.000000
  10.355000  0.000000  0.000000
  10.360000  0.000000  0.000000
  10.365000  0.000000  0.000000
  10.370000  0.000000  0.000000
  10.375000  0.000000  0.000000
  10.380000  0.000000  0.000000
  10.385000  0.000000  0.000000
  10.390000  0.000000  0.000000
  10.395000  0.000000  0.000000
  10.400000  0.000000  0.000000
  10.405000  0.000000  0.000000
  10.410000  0.000000  0.000000
  10.415000  0.000000  0.000000
  10.420000  0.000000  0.000000
  10.425000  0.000000  0.000000
  10.430000  0.000000  0.000000
  10.435000  0.000000  0.000000
  10.440000  0.000000  0.000000
  10.445000  0.000000  0.000000
  10.450000  0.000000  0.000000
  10.455000  0.000000  0.000000
  10.460000  0.000000  0.000000
  10.465000  0.000000  0.000000
  10.470000  0.000000  0.000000
  10.475000  0.000000  0.000000
  10.480000  0.000000  0.000000
  10.485000  0.000000  0.000000
  10.490000  0.000000  0.000000
  10.495000  0.000000  0.000000
  10.500000  0.000000  0.000000
  10.505000  0.000000  0.000000
  10.510000  0.000000  0.000000
  10.515000  0.000000  0.000000
  10.520000  0.000000  0.000000
  10.525000  0.000000  0.000000
  10.530000  0.000000  0.000000
  10.535000  0.000000  0.000000
  10.540000  0.000000  0.000000
  10.545000  0.000000  0.000000
  10.550000  0.000000  0.000000
  10.555000  0.000000  0.000000
  10.560000  0.000000  0.000000
  10.565000  0.000000  0.000000
  10.570000  0.000000  0.000000
  10.575000  0.000000  0.000000
  10.580000  0.000000  0.000000
  10.585000  0.000000  0.000000
  10.590000  0.000000  0.000000
  10.595000  0.000000  0.000000
  10.600000  0.000000  0.000000
  10.605000  0.000000  0.000000
  10.610000  0.000000  0.000000
  10.615000  0.000000  0.000000
  10.620000  0.000000  0.000000
  10.625000  0.000000  0.000000
  10.630000  0.000000  0.000000
  10.635000  0.000000  0.000000
  10.640000  0.000000  0.000000
  10.645000  0.000000  0.000000
  10.650000  0.000000  0.000000
  10.655000  0.000000  0.000000
  10.660000  0.000000  0.000000
  10.665000  0.000000  0.000000
  10.670000  0.000000  0.000000
  10.675000  0.000000  0.000000
  10.680000  0.000000  0.000000
  10.685000  0.000000  0.000000
  10.690000  0.000000  0.000000
  10.695000  0.000000  0.000000
  10.700000  0.000000  0.000000
  10.705000  0.000000  0.000000
  10.710000  0.000000  0.000000
  10.715000  0.000000  0.000000
  10.720000  0.000000  0.000000
  10.725000  0.000000  0.000000
  10.730000  0.000000  0.000000
  10.735000  0.000000  0.000000
  10.740000  0.000000  0.000000
  10.745000  0.000000  0.000000
  10.750000  0.000000  0.000000
  10.755000  0.000000  0.000000
  10.760000  0.000000  0.000000
  10.765000  0.000000  0.000000
  10.770000  0.000000  0.000000
  10.775000  0.000000  0.000000
  10.780000  0.000000  0.000000
  10.785000  0.000000  0.000000
  10.790000  0.000000  0.000000
  10.795000  0.000000  0.000000
  10.800000  0.000000  0.000000
  10.805000  0.000000  0.000000
  10.810000  0.000000  0.000000
  10.815000  0.000000  0.000000
  10.820000  0.000000  0.000000
  10.825000  0.000000  0.000000
  10.830000  0.000000  0.000000
  10.835000  0.000000  0.000000
  10.840000  0.000000  0.000000
  10.845000  0.000000  0.000000
  10.850000  0.000000  0.000000
  10.855000  0.000000  0.000000
  10.860000  0.000000  0.000000
  10.865000  0.000000  0.000000
  10.870000  0.000000  0.000000
  10.875000  0.000000  0.000000
  10.880000  0.000000  0.000000
  10.885000  0.000000  0.000000
  10.890000  0.000000  0.000000
  10.895000  0.000000  0.000000
  10.900000  0.000000  0.000000
  10.905000  0.000000  0.000000
  10.910000  0.000000  0.000000
  10.915000  0.000000  0.000000
  10.920000  0.000000  0.000000
  10.925000  0.000000  0.000000
  10.930000  0.000000  0.000000
  10.935000  0.000000  0.000000
  10.940000  0.000000  0.000000
  10.945000  0.000000  0.000000
  10.950000  0.000000  0.000000
  10.955000  0.000000  0.000000
  10.960000  0.000000  0.000000
  10.965000  0.000000  0.000000
  10.970000  0.000000  0.000000
  10.975000  0.000000  0.000000
  10.980000  0.000000  0.000000
  10.985000  0.000000  0.000000
  10.990000  0.000000  0.000000
  10.995000  0.000000  0.000000
  11.000000  0.000000  0.000000
  11.005000  0.000000  0.000000
  11.010000  0.000000  0.000000
  11.015000  0.000000  0.000000
  11.020000  0.000000  0.000000
  11.025000  0.000000  0.000000
  11.030000  0.000000  0.000000
  11.035000  0.000000  0.000000
  11.040000  0.000000  0.000000
  11.045000  0.000000  0.000000
  11.050000  0.000000  0.000000
  11.055000  0.000000  0.000000
  11.060000  0.000000  0.000000
  11.065000  0.000000  0.000000
  11.070000  0.000000  0.000000
  11.075000  0.000000  0.000000
  11.080000  0.000000  0.000000
  11.085000  0.000000  0.000000
  11.090000  0.000000  0.000000
  11.095000  0.000000  0.000000
  11.100000  0.000000  0.000000
  11.105000  0.000000  0.000000
  11.110000  0.000000  0.000000
  11.115000  0.000000  0.000000
  11.120000  0.000000  0.000000
  11.125000  0.000000  0.000000
  11.130000  0.000000  0.000000
  11.135000  0.000000  0.000000
  11.140000  0.000000  0.000000
  11.145000  0.000000  0.000000
  11.150000  0.000000  0.000000
  11.155000  0.000000  0.000000
  11.160000  0.000000  0.000000
  11.165000  0.000000  0.000000
  11.170000  0.000000  0.000000
  11.175000  0.000000  0.000000
  11.180000  0.000000  0.000000
  11.185000  0.000000  0.000000
  11.190000  0.000000  0.000000
  11.195000  0.000000  0.000000
  11.200000  0.000000  0.000000
  11.205000  0.000000  0.000000
  11.210000  0.000000  0.000000
  11.215000  0.000000  0.000000
  11.220000  0.000000  0.000000
  11.225000  0.000000  0.000000
  11.230000  0.000000  0.000000
  11.235000  0.000000  0.000000
  11.240000  0.000000  0.000000
  11.245000  0.000000  0.000000
  11.250000  0.000000  0.000000
  11.255000  0.000000  0.000000
  11.260000  0.000000  0.000000
  11.265000  0.000000  0.000000
  11.270000  0.000000  0.000000
  11.275000  0.000000  0.000000
  11.280000  0.000000  0.000000
  11.285000  0.000000  0.000000
  11.290000  0.000000  0.000000
  11.295000  0.000000  0.000000
  11.300000  0.000000  0.000000
  11.305000  0.000000  0.000000
  11.310000  0.000000  0.000000
  11.315000  0.000000  0.000000
  11.320000  0.000000  0.000000
  11.325000  0.000000  0.000000
  11.330000  0.000000  0.000000
  11.335000  0.000000  0.000000
  11.340000  0.000000  0.000000
  11.345000  0.000000  0.000000
  11.350000  0.000000  0.000000
  11.355000  0.000000  0.000000
  11.360000  0.000000  0.000000
  11.365000  0.000000  0.000000
  11.370000  0.000000  0.000000
  11.375000  0.000000  0.000000
  11.380000  0.000000  0.000000
  11.385000  0.000000  0.000000
  11.390000  0.000000  0.000000
  11.395000  0.000000  0.000000
  11.400000  0.000000  0.000000
  11.405000  0.000000  0.000000
  11.410000  0.000000  0.000000
  11.415000  0.000000  0.000000
  11.420000  0.000000  0.000000
  11.425000  0.000000  0.000000
  11.430000  0.000000  0.000000
  11.435000  0.000000  0.000000
  11.440000  0.000000  0.000000
  11.445000  0.000000  0.000000
  11.450000  0.000000  0.000000
  11.455000  0.000000  0.000000
  11.460000  0.000000  0.000000
  11.465000  0.000000  0.000000
  11.470000  0.000000  0.000000
  11.475000  0.000000  0.000000
  11.480000  0.000000  0.000000
  11.485000  0.000000  0.000000
  11.490000  0.000000  0.000000
  11.495000  0.000000  0.000000
  11.500000  0.000000  0.000000
  11.505000  0.000000  0.000000
  11.510000  0.000000  0.000000
  11.515000  0.000000  0.000000
  11.520000  0.000000  0.000000
  11.525000  0.000000  0.000000
  11.530000  0.000000  0.000000
  11.535000  0.000000  0.000000
  11.540000  0.000000  0.000000
  11.545000  0.000000  0.000000
  11.550000  0.000000  0.000000
  11.555000  0.000000  0.000000
  11.560000  0.000000  0.000000
  11.565000  0.000000  0.000000
  11.570000  0.000000  0.000000
  11.575000  0.000000  0.000000
  11.580000  0.000000  0.000000
  11.585000  0.000000  0.000000
  11.590000  0.000000  0.000000
  11.595000  0.000000  0.000000
  11.600000  0.000000  0.000000
  11.605000  0.000000  0.000000
  11.610000  0.000000  0.000000
  11.615000  0.000000  0.000000
  11.620000  0.000000  0.000000
  11.625000  0.000000  0.000000
  11.630000  0.000000  0.000000
  11.635000  0.000000  0.000000
  11.640000  0.000000  0.000000
  11.645000  0.000000  0.000000
  11.650000  0.000000  0.000000
  11.655000  0.000000  0.000000
  11.660000  0.000000  0.000000
  11.665000  0.000000  0.000000
  11.670000  0.000000  0.000000
  11.675000  0.000000  0.000000
  11.680000  0.000000  0.000000
  11.685000  0.000000  0.000000
  11.690000  0.000000  0.000000
  11.695000  0.000000  0.000000
  11.700000  0.000000  0.000000
  11.705000  0.000000  0.000000
  11.710000  0.000000  0.000000
  11.715000  0.000000  0.000000
  11.720000  0.000000  0.000000
  11.725000  0.000000  0.000000
  11.730000  0.000000  0.000000
  11.735000  0.000000  0.000000
  11.740000  0.000000  0.000000
  11.745000  0.000000  0.000000
  11.750000  0.000000  0.000000
  11.755000  0.000000  0.000000
  11.760000  0.000000  0.000000
  11.765000  0.000000  0.000000
  11.770000  0.000000  0.000000
  11.775000  0.000000  0.000000
  11.780000  0.000000  0.000000
  11.785000  0.000000  0.000000
  11.790000  0.000000  0.000000
  11.795000  0.000000  0.000000
  11.800000  0.000000  0.000000
  11.805000  0.000000  0.000000
  11.810000  0.000000  0.000000
  11.815000  0.000000  0.000000
  11.820000  0.000000  0.000000
  11.825000  0.000000  0.000000
  11.830000  0.000000  0.000000
  11.835000  0.000000  0.000000
  11.840000  0.000000  0.000000
  11.845000  0.000000  0.000000
  11.850000  0.000000  0.000000
  11.855000  0.000000  0.000000
  11.860000  0.000000  0.000000
  11.865000  0.000000  0.000000
  11.870000  0.000000  0.000000
  11.875000  0.000000  0.000000
  11.880000  0.000000  0.000000
  11.885000  0.000000  0.000000
  11.890000  0.000000  0.000000
  11.895000  0.000000  0.000000
  11.900000  0.000000  0.000000
  11.905000  0.000000  0.000000
  11.910000  0.000000  0.000000
  11.915000  0.000000  0.000000
  11.920000  0.000000  0.000000
  11.925000  0.000000  0.000000
  11.930000  0.000000  0.000000
  11.935000  0.000000  0.000000
  11.940000  0.000000  0.000000
  11.945000  0.000000  0.000000
  11.950000  0.000000  0.000000
  11.955000  0.000000  0.000000
  11.960000  0.000000  0.000000
  11.965000  0.000000  0.000000
  11.970000  0.000000  0.000000
  11.975000  0.000000  0.000000
  11.980000  0.000000  0.000000
  11.985000  0.000000  0.000000
  11.990000  0.000000  0.000000
  11.995000  0.000000  0.000000
  12.000000  0.000000  0.000000
  12.005000  0.000000  0.000000
  12.010000  0.000000  0.000000
  12.015000  0.000000  0.000000
  12.020000  0.000000  0.000000
  12.025000  0.000000  0.000000
  12.030000  0.000000  0.000000
  12.035000  0.000000  0.000000
  12.040000  0.000000  0.000000
  12.045000  0.000000  0.000000
  12.050000  0.000000  0.000000
  12.055000  0.000000  0.000000
  12.060000  0.000000  0.000000
  12.065000  0.000000  0.000000
  12.070000  0.000000  0.000000
  12.075000  0.000000  0.000000
  12.080000  0.000000  0.000000
  12.085000  0.000000  0.000000
  12.090000  0.000000  0.000000
  12.095000  0.000000  0.000000
  12.100000  0.000000  0.000000
  12.105000  0.000000  0.000000
  12.110000  0.000000  0.000000
  12.115000  0.000000  0.000000
  12.120000  0.000000  0.000000
  12.125000  0.000000  0.000000
  12.130000  0.000000  0.000000
  12.135000  0.000000  0.000000
  12.140000  0.000000  0.000000
  12.145000  0.000000  0.000000
  12.150000  0.000000  0.000000
  12.155000  0.000000  0.000000
  12.160000  0.000000  0.000000
  12.165000  0.000000  0.000000
  12.170000  0.000000  0.000000
  12.175000  0.000000  0.000000
  12.180000  0.000000  0.000000
  12.185000  0.000000  0.000000
  12.190000  0.000000  0.000000
  12.195000  0.000000  0.000000
  12.200000  0.000000  0.000000
  12.205000  0.000000  0.000000
  12.210000  0.000000  0.000000
  12.215000  0.000000  0.000000
  12.220000  0.000000  0.000000
  12.225000  0.000000  0.000000
  12.230000  0.000000  0.000000
  12.235000  0.000000  0.000000
  12.240000  0.000000  0.000000
  12.245000  0.000000  0.000000
  12.250000  0.000000  0.000000
  12.255000  0.000000  0.000000
  12.260000  0.000000  0.000000
  12.265000  0.000000  0.000000
  12.270000  0.000000  0.000000
  12.275000  0.000000  0.000000
  12.280000  0.000000  0.000000
  12.285000  0.000000  0.000000
  12.290000  0.000000  0.000000
  12.295000  0.000000  0.000000
  12.300000  0.000000  0.000000
  12.305000  0.000000  0.000000
  12.310000  0.000000  0.000000
  12.315000  0.000000  0.000000
  12.320000  0.000000  0.000000
  12.325000  0.000000  0.000000
  12.330000  0.000000  0.000000
  12.335000  0.000000  0.000000
  12.340000  0.000000  0.000000
  12.345000  0.000000  0.000000
  12.350000  0.000000  0.000000
  12.355000  0.000000  0.000000
  12.360000  0.000000  0.000000
  12.365000  0.000000  0.000000
  12.370000  0.000000  0.000000
  12.375000  0.000000  0.000000
  12.380000  0.000000  0.000000
  12.385000  0.000000  0.000000
  12.390000  0.000000  0.000000
  12.395000  0.000000  0.000000
  12.400000  0.000000  0.000000
  12.405000  0.000000  0.000000
  12.410000  0.000000  0.000000
  12.415000  0.000000  0.000000
  12.420000  0.000000  0.000000
  12.425000  0.000000  0.000000
  12.430000  0.000000  0.000000
  12.435000  0.000000  0.000000
  12.440000  0.000000  0.000000
  12.445000  0.000000  0.000000
  12.450000  0.000000  0.000000
  12.455000  0.000000  0.000000
  12.460000  0.000000  0.000000
  12.465000  0.000000  0.000000
  12.470000  0.000000  0.000000
  12.475000  0.000000  0.000000
  12.480000  0.000000  0.000000
  12.485000  0.000000  0.000000
  12.490000  0.000000  0.000000
  12.495000  0.000000  0.000000
  12.500000  0.000000  0.000000
  12.505000  0.000000  0.000000
  12.510000  0.000000  0.000000
  12.515000  0.000000  0.000000
  12.520000  0.000000  0.000000
  12.525000  0.000000  0.000000
  12.530000  0.000000  0.000000
  12.535000  0.000000  0.000000
  12.540000  0.000000  0.000000
  12.545000  0.000000  0.000000
  12.550000  0.000000  0.000000
  12.555000  0.000000  0.000000
  12.560000  0.000000  0.000000
  12.565000  0.000000  0.000000
  12.570000  0.000000  0.000000
  12.575000  0.000000  0.000000
  12.580000  0.000000  0.000000
  12.585000  0.000000  0.000000
  12.590000  0.000000  0.000000
  12.595000  0.000000  0.000000
  12.600000  0.000000  0.000000
  12.605000  0.000000  0.000000
  12.610000  0.000000  0.000000
  12.615000  0.000000  0.000000
  12.620000  0.000000  0.000000
  12.625000  0.000000  0.000000
  12.630000  0.000000  0.000000
  12.635000  0.000000  0.000000
  12.640000  0.000000  0.000000
  12.645000  0.000000  0.000000
  12.650000  0.000000  0.000000
  12.655000  0.000000  0.000000
  12.660000  0.000000  0.000000
  12.665000  0.000000  0.000000
  12.670000  0.000000  0.000000
  12.675000  0.000000  0.000000
  12.680000  0.000000  0.000000
  12.685000  0.000000  0.000000
  12.690000  0.000000  0.000000
  12.695000  0.000000  0.000000
  12.700000  0.000000  0.000000
  12.705000  0.000000  0.000000
  12.710000  0.000000  0.000000
  12.715000  0.000000  0.000000
  12.720000  0.000000  0.000000
  12.725000  0.000000  0.000000
  12.730000  0.000000  0.000000
  12.735000  0.000000  0.000000
  12.740000  0.000000  0.000000
  12.745000  0.000000  0.000000
  12.750000  0.000000  0.000000
  12.755000  0.000000  0.000000
  12.760000  0.000000  0.000000
  12.765000  0.000000  0.000000
  12.770000  0.000000  0.000000
  12.775000  0.000000  0.000000
  12.780000  0.000000  0.000000
  12.785000  0.000000  0.000000
  12.790000  0.000000  0.000000
  12.795000  0.000000  0.000000
  12.800000  0.000000  0.000000
  12.805000  0.000000  0.000000
  12.810000  0.000000  0.000000
  12.815000  0.000000  0.000000
  12.820000  0.000000  0.000000
  12.825000  0.000000  0.000000
  12.830000  0.000000  0.000000
  12.835000  0.000000  0.000000
  12.840000  0.000000  0.000000
  12.845000  0.000000  0.000000
  12.850000  0.000000  0.000000
  12.855000  0.000000  0.000000
  12.860000  0.000000  0.000000
  12.865000  0.000000  0.000000
  12.870000  0.000000  0.000000
  12.875000  0.000000  0.000000
  12.880000  0.000000  0.000000
  12.885000  0.000000  0.000000
  12.890000  0.000000  0.000000
  12.895000  0.000000  0.000000
  12.900000  0.000000  0.000000
  12.905000  0.000000  0.000000
  12.910000  0.000000  0.000000
  12.915000  0.000000  0.000000
  12.920000  0.000000  0.000000
  12.925000  0.000000  0.000000
  12.930000  0.000000  0.000000
  12.935000  0.000000  0.000000
  12.940000  0.000000  0.000000
  12.945000  0.000000  0.000000
  12.950000  0.000000  0.000000
  12.955000  0.000000  0.000000
  12.960000  0.000000  0.000000
  12.965000  0.000000  0.000000
  12.970000  0.000000  0.000000
  12.975000  0.000000  0.000000
  12.980000  0.000000  0.000000
  12.985000  0.000000  0.000000
  12.990000  0.000000  0.000000
  12.995000  0.000000  0.000000
  13.000000  0.000000  0.000000
  13.005000  0.000000  0.000000
  13.010000  0.000000  0.000000
  13.015000  0.000000  0.000000
  13.020000  0.000000  0.000000
  13.025000  0.000000  0.000000
  13.030000  0.000000  0.000000
  13.035000  0.000000  0.000000
  13.040000  0.000000  0.000000
  13.045000  0.000000  0.000000
  13.050000  0.000000  0.000000
  13.055000  0.000000  0.000000
  13.060000  0.000000  0.000000
  13.065000  0.000000  0.000000
  13.070000  0.000000  0.000000
  13.075000  0.000000  0.000000
  13.080000  0.000000  0.000000
  13.085000  0.000000  0.000000
  13.090000  0.000000  0.000000
  13.095000  0.000000  0.000000
  13.100000  0.000000  0.000000
  13.105000  0.000000  0.000000
  13.110000  0.000000  0.000000
  13.115000  0.000000  0.000000
  13.120000  0.000000  0.000000
  13.125000  0.000000  0.000000
  13.130000  0.000000  0.000000
  13.135000  0.000000  0.000000
  13.140000  0.000000  0.000000
  13.145000  0.000000  0.000000
  13.150000  0.000000  0.000000
  13.155000  0.000000  0.000000
  13.160000  0.000000  0.000000
  13.165000  0.000000  0.000000
  13.170000  0.000000  0.000000
  13.175000  0.000000  0.000000
  13.180000  0.000000  0.000000
  13.185000  0.000000  0.000000
  13.190000  0.000000  0.000000
  13.195000  0.000000  0.000000
  13.200000  0.000000  0.000000
  13.205000  0.000000  0.000000
  13.210000  0.000000  0.000000
  13.215000  0.000000  0.000000
  13.220000  0.000000  0.000000
  13.225000  0.000000  0.000000
  13.230000  0.000000  0.000000
  13.235000  0.000000  0.000000
  13.240000  0.000000  0.000000
  13.245000  0.000000  0.000000
  13.250000  0.000000  0.000000
  13.255000  0.000000  0.000000
  13.260000  0.000000  0.000000
  13.265000  0.000000  0.000000
  13.270000  0.000000  0.000000
  13.275000  0.000000  0.000000
  13.280000  0.000000  0.000000
  13.285000  0.000000  0.000000
  13.290000  0.000000  0.000000
  13.295000  0.000000  0.000000
  13.300000  0.000000  0.000000
  13.305000  0.000000  0.000000
  13.310000  0.000000  0.000000
  13.315000  0.000000  0.000000
  13.320000  0.000000  0.000000
  13.325000  0.000000  0.000000
  13.330000  0.000000  0.000000
  13.335000  0.000000  0.000000
  13.340000  0.000000  0.000000
  13.345000  0.000000  0.000000
  13.350000  0.000000  0.000000
  13.355000  0.000000  0.000000
  13.360000  0.000000  0.000000
  13.365000  0.000000  0.000000
  13.370000  0.000000  0.000000
  13.375000  0.000000  0.000000
  13.380000  0.000000  0.000000
  13.385000  0.000000  0.000000
  13.390000  0.000000  0.000000
  13.395000  0.000000  0.000000
  13.400000  0.000000  0.000000
  13.405000  0.000000  0.000000
  13.410000  0.000000  0.000000
  13.415000  0.000000  0.000000
  13.420000  0.000000  0.000000
  13.425000  0.000000  0.000000
  13.430000  0.000000  0.000000
  13.435000  0.000000  0.000000
  13.440000  0.000000  0.000000
  13.445000  0.000000  0.000000
  13.450000  0.000000  0.000000
  13.455000  0.000000  0.000000
  13.460000  0.000000  0.000000
  13.465000  0.000000  0.000000
  13.470000  0.000000  0.000000
  13.475000  0.000000  0.000000
  13.480000  0.000000  0.000000
  13.485000  0.000000  0.000000
  13.490000  0.000000  0.000000
  13.495000  0.000000  0.000000
  13.500000  0.000000  0.000000
  13.505000  0.000000  0.000000
  13.510000  0.000000  0.000000
  13.515000  0.000000  0.000000
  13.520000  0.000000  0.000000
  13.525000  0.000000  0.000000
  13.530000  0.000000  0.000000
  13.535000  0.000000  0.000000
  13.540000  0.000000  0.000000
  13.545000  0.000000  0.000000
  13.550000  0.000000  0.000000
  13.555000  0.000000  0.000000
  13.560000  0.000000  0.000000
  13.565000  0.000000  0.000000
  13.570000  0.000000  0.000000
  13.575000  0.000000  0.000000
  13.580000  0.000000  0.000000
  13.585000  0.000000  0.000000
  13.590000  0.000000  0.000000
  13.595000  0.000000  0.000000
  13.600000  0.000000  0.000000
  13.605000  0.000000  0.000000
  13.610000  0.000000  0.000000
  13.615000  0.000000  0.000000
  13.620000  0.000000  0.000000
  13.625000  0.000000  0.000000
  13.630000  0.000000  0.000000
  13.635000  0.000000  0.000000
  13.640000  0.000000  0.000000
  13.645000  0.000000  0.000000
  13.650000  0.000000  0.000000
  13.655000  0.000000  0.000000
  13.660000  0.000000  0.000000
  13.665000  0.000000  0.000000
  13.670000  0.000000  0.000000
  13.675000  0.000000  0.000000
  13.680000  0.000000  0.000000
  13.685000  0.000000  0.000000
  13.690000  0.000000  0.000000
  13.695000  0.000000  0.000000
  13.700000  0.000000  0.000000
  13.705000  0.000000  0.000000
  13.710000  0.000000  0.000000
  13.715000  0.000000  0.000000
  13.720000  0.000000  0.000000
  13.725000  0.000000  0.000000
  13.730000  0.000000  0.000000
  13.735000  0.000000  0.000000
  13.740000  0.000000  0.000000
  13.745000  0.000000  0.000000
  13.750000  0.000000  0.000000
  13.755000  0.000000  0.000000
  13.760000  0.000000  0.000000
  13.765000  0.000000  0.000000
  13.770000  0.000000  0.000000
  13.775000  0.000000  0.000000
  13.780000  0.000000  0.000000
  13.785000  0.000000  0.000000
  13.790000  0.000000  0.000000
  13.795000  0.000000  0.000000
  13.800000  0.000000  0.000000
  13.805000  0.000000  0.000000
  13.810000  0.000000  0.000000
  13.815000  0.000000  0.000000
  13.820000  0.000000  0.000000
  13.825000  0.000000  0.000000
  13.830000  0.000000  0.000000
  13.835000  0.000000  0.000000
  13.840000  0.000000  0.000000
  13.845000  0.000000  0.000000
  13.850000  0.000000  0.000000
  13.855000  0.000000  0.000000
  13.860000  0.000000  0.000000
  13.865000  0.000000  0.000000
  13.870000  0.000000  0.000000
  13.875000  0.000000  0.000000
  13.880000  0.000000  0.000000
  13.885000  0.000000  0.000000
  13.890000  0.000000  0.000000
  13.895000  0.000000  0.000000
  13.900000  0.000000  0.000000
  13.905000  0.000000  0.000000
  13.910000  0.000000  0.000000
  13.915000  0.000000  0.000000
  13.920000  0.000000  0.000000
  13.925000  0.000000  0.000000
  13.930000  0.000000  0.000000
  13.935000  0.000000  0.000000
  13.940000  0.000000  0.000000
  13.945000  0.000000  0.000000
  13.950000  0.000000  0.000000
  13.955000  0.000000  0.000000
  13.960000  0.000000  0.000000
  13.965000  0.000000  0.000000
  13.970000  0.000000  0.000000
  13.975000  0.000000  0.000000
  13.980000  0.000000  0.000000
  13.985000  0.000000  0.000000
  13.990000  0.000000  0.000000
  13.995000  0.000000  0.000000
  14.000000  0.000000  0.000000
  14.005000  0.000000  0.000000