[[[-32.05145607 -32.05145607 -32.05145607 ... -32.05145607 -32.05145607
   -32.05145607]
  [-33.23709679 -33.15847244 -33.08060532 ... -33.47025375 -33.39289932
   -33.31489983]
  [-32.43699875 -32.05466499 -31.67816772 ... -33.5242321  -33.17978477
   -32.8151844 ]
  ...
  [-82.26105194 -82.36120148 -82.37124786 ... -81.06031418 -81.64315338
   -82.03375244]
  [-84.98951416 -85.36281815 -85.70055771 ... -83.64010849 -84.12870941
   -84.57877426]
  [-85.03609695 -85.03609695 -85.03609695 ... -85.03609695 -85.03609695
   -85.03609695]]

 [[-31.78703461 -31.78703461 -31.78703461 ... -31.78703461 -31.78703461
   -31.78703461]
  [-32.97825966 -32.89609566 -32.81555862 ... -33.22436981 -33.14211121
   -33.05992126]
  [-32.13140793 -31.74215279 -31.35984764 ... -33.24643097 -32.89099274
   -32.51710205]
  ...
  [-81.93113251 -82.03313751 -82.04699554 ... -80.73840561 -81.31580353
   -81.70377502]
  [-84.78880768 -85.16173553 -85.49922256 ... -83.44422684 -83.93049469
   -84.37911606]
  [-84.92473221 -84.92473221 -84.92473221 ... -84.92473221 -84.92473221
   -84.92473221]]

 [[-31.9117321  -31.9117321  -31.9117321  ... -31.9117321  -31.9117321
   -31.9117321 ]
  [-33.06616478 -32.9786274  -32.8927021  ... -33.32919807 -33.24137802
   -33.15327072]
  [-32.19756889 -31.80422935 -31.41720581 ... -33.31401405 -32.95916672
   -32.5847702 ]
  ...
  [-81.84744873 -81.96212845 -81.99079132 ... -80.63443146 -81.21549149
   -81.60981293]
  [-84.87941513 -85.25687332 -85.60050278 ... -83.52253799 -84.01272049
   -84.46541138]
  [-85.07114563 -85.07114563 -85.07114563 ... -85.07114563 -85.07114563
   -85.07114563]]

 ...

 [[-25.38959255 -25.38959255 -25.38959255 ... -25.38959255 -25.38959255
   -25.38959255]
  [-27.16706238 -27.10225143 -27.03824291 ... -27.34864616 -27.28938007
   -27.22890091]
  [-27.17172604 -26.71039715 -26.24511833 ... -28.43022022 -28.04135571
   -27.61838779]
  ...
  [-78.45445709 -78.53507004 -78.53390961 ... -77.39757004 -77.91522141
   -78.25826874]
  [-79.19459305 -79.49411545 -79.75810928 ... -78.04870148 -78.47313538
   -78.85491104]
  [-77.64863281 -77.64863281 -77.64863281 ... -77.64863281 -77.64863281
   -77.64863281]]

 [[-25.11159058 -25.11159058 -25.11159058 ... -25.11159058 -25.11159058
   -25.11159058]
  [-26.95728493 -26.89890881 -26.84033661 ... -27.11924362 -27.06693878
   -27.01299114]
  [-27.04895    -26.58271046 -26.11123409 ... -28.31332893 -27.92398415
   -27.49935875]
  ...
  [-78.04609985 -78.13221359 -78.13787003 ... -76.97943954 -77.49920731
   -77.84555511]
  [-78.69416962 -79.00191956 -79.27369537 ... -77.5321701  -77.96114197
   -78.34830551]
  [-77.54455261 -77.54455261 -77.54455261 ... -77.54455261 -77.54455261
   -77.54455261]]

 [[-24.85983925 -24.85983925 -24.85983925 ... -24.85983925 -24.85983925
   -24.85983925]
  [-26.71393356 -26.65777016 -26.60072536 ... -26.87085609 -26.82036438
   -26.76831665]
  [-26.95284157 -26.48641644 -26.01470623 ... -28.2147953  -27.82671928
   -27.40252571]
  ...
  [-77.73761215 -77.80192947 -77.78832474 ... -76.74536438 -77.23901901
   -77.56045303]
  [-78.25971756 -78.55658264 -78.81893311 ... -77.14129105 -77.55388184
   -77.92665634]
  [-77.60594177 -77.60594177 -77.60594177 ... -77.60594177 -77.60594177
   -77.60594177]]]